1000
26440
8765
27388
25177
3110
4355
9678
16056
27081
21530
11209
5445
10725
20662
26212
7789
1226
31034
27777
2900
17811
4257
18502
1121
24225
15644
20264
28924
8776
11772
16456
27798
29639
22739
7427
3306
1150
4566
28612
23939
29019
902
29981
13439
21654
18832
23319
17554
8094
13041
2758
4174
20819
28509
12320
8865
23669
11234
29711
12447
21084
25289
7364
2177
9706
25277
2127
29166
6847
20783
13676
25466
13483
11256
20128
12653
15209
3648
27525
6597
9866
15519
31842
20862
1455
15491
5119
30480
14587
31442
952
3642
3528
17872
32207
26878
5017
7746
12807
8685
15696
9172
6254
2980
8866
8376
24186
14743
30151
30864
10839
1549
374
32398
10368
14700
17168
30425
6029
14007
29980
18227
17995
20821
7667
6874
14354
12308
30396
32171
25427
24941
16027
12941
15985
1290
20006
18701
3794
11909
32537
13894
11829
25971
15434
29956
14918
26273
19935
28969
25199
2717
13758
16975
18418
30072
12357
31150
9269
29643
11580
1856
10588
10488
21767
31268
20765
29362
28192
8257
3536
9664
14021
18731
4550
2045
1774
12362
8412
11172
20098
21049
8272
4042
17354
12652
22739
10796
22054
19990
7903
15915
14591
21833
21834
9493
6908
19295
32284
27558
23929
13722
19870
26831
24629
1799
29619
12725
13642
21672
3947
3837
20835
5329
214
22343
3113
28115
3350
21240
1278
22488
2232
3389
16366
5646
31813
13901
3810
19208
30483
31470
6935
11361
1121
30010
8911
6562
30371
6819
16199
6757
32027
19253
18152
1979
14249
26139
8129
25804
15588
1893
5685
10941
18025
21256
3057
3031
30580
28966
4898
29157
29101
8080
18916
15325
11332
31882
2557
32451
16703
28366
16587
19915
9491
20179
891
19902
31858
13646
13180
6046
1125
4858
18227
11917
16538
30100
2801
3307
25599
7722
28194
3263
10128
19606
12487
12120
876
25670
1318
2100
32303
20030
31167
20256
1660
15455
16259
23969
2777
12777
8257
7059
17344
30015
14689
7952
25586
20202
20180
915
8975
14817
19019
15453
22116
26887
15015
26136
3076
17910
26545
23483
23578
19707
19980
4781
25725
27233
5992
557
8837
15603
25335
6641
7966
25020
29221
3085
8474
11537
3460
28183
22988
29906
13829
30089
16338
20460
30318
21350
3122
28450
26888
29473
3497
29454
17816
8378
17983
25442
2961
23082
1823
11124
7304
20481
32422
16378
23272
22862
27834
21009
8423
24255
29021
13189
9145
265
10625
20556
5891
32394
3614
24915
9362
7213
18819
15486
3149
5519
30442
26090
104
22624
78
18037
4571
3851
3713
11136
16659
16025
16249
29683
1767
31698
5866
3714
27085
31654
23835
11567
29518
716
24562
21008
6583
30889
19024
6483
29202
8563
1445
25727
15956
17302
22971
19196
11224
15447
16086
29654
22028
18359
5631
15550
24939
32666
15261
21074
17067
22056
10309
7582
1591
3956
5075
10978
11231
32347
20154
28053
27342
2224
17816
1451
29117
13974
25358
27156
30567
20780
17358
7301
12093
21616
28917
19066
30298
14429
5276
32636
19641
21847
23721
19615
28326
26569
32747
2384
8818
30477
6503
4429
3691
9100
19948
9205
11019
8230
28654
18626
9584
23252
5521
23828
17932
6283
21763
12080
12190
2148
6927
19080
2657
4603
20463
22845
28547
25364
15970
16098
10456
133
28927
20611
6352
24144
31177
19941
24231
17167
22531
16
2779
31381
28742
8459
30691
7122
19152
28903
6942
26103
3103
7166
25098
30939
23487
22141
28598
27805
11616
20768
20090
3212
8235
27453
27109
14659
26710
17924
25847
13848
30454
7429
8336
26040
21525
2035
1577
14859
24325
2471
27330
23390
26867
4199
7707
19136
23999
19305
31271
940
28428
31123
1726
24809
30099
5509
1426
18607
31932
729
31332
25611
11375
8361
888
25988
1319
25938
5702
8959
8777
26488
29810
1760
30389
30795
27902
7282
14234
13064
15807
15241
27022
9666
10509
5990
17374
30562
5055
13530
24098
12013
16215
2991
23573
5
29817
22339
2980
16563
12706
23158
10565
27747
12822
6854
16010
22576
24858
22201
20214
31842
3428
15228
18191
30517
28880
7625
25012
11485
24660
14861
30641
10438
14390
16331
28049
9248
22652
11323
13236
21915
17829
14392
3233
28271
16790
23897
3484
26784
28887
13917
3452
2688
24575
16076
30135
17269
32109
13787
10687
17916
23353
10384
30865
750
19818
26408
19594
27139
14442
27062
3453
5012
9143
26636
26884
14245
25818
10462
29971
5666
30365
19493
24787
13417
20601
5314
10157
5129
21070
30052
31396
18121
6231
25771
21481
1005
19292
15502
26793
8884
16681
10490
27946
7717
320
27067
24342
1547
459
27552
18967
319
12500
31962
15011
17701
7608
8358
21274
9849
22233
17964
14094
10060
20372
26278
16609
9801
25203
20164
13718
4925
17315
5967
27361
19671
30632
4366
4992
2988
8783
10214
9678
32381
16868
324
4246
31677
10918
22976
12837
27726
22136
26106
17827
21388
23769
15048
15011
6284
10006
148
11000
29861
13502
30207
25290
11056
1111
1482
12010
28301
29775
29687
25955
5735
12342
26155
23634
2872
32298
19287
17143
2831
146
26263
4363
11153
16399
347
84
15677
4527
2244
17528
29685
11620
6737
29967
30906
2229
17338
24059
18616
18868
31260
10748
1410
26160
3159
7039
6814
17195
5300
18359
23620
26766
11724
2031
867
7452
28325
5407
10981
32421
29213
445
12852
27260
28044
1493
10493
18987
6821
20828
10292
6244
30877
22722
15448
12859
10384
20422
17656
18579
26912
18062
28022
1494
30047
7415
8971
15338
19183
16426
11275
11872
7015
26224
17514
19694
27897
15687
25472
29215
11858
15797
3849
31305
16834
6876
24432
18112
17309
32463
6477
329
4065
2468
44
13265
19224
18122
18064
2143
29312
3229
16183
17736
14186
31288
13216
22946
10720
1930
971
3578
30346
23469
29504
11594
15315
23922
18258
14885
14919
12865
6821
1077
25663
7968
2542
12775
4289
17
7674
4709
21922
18849
5874
19397
19693
18622
31965
14719
18825
5321
6502
3877
16149
26604
16095
4942
24855
20910
135
1748
15702
30660
16392
3135
21892
22826
13380
9088
31776
18291
19793
3555
30875
2654
6594
11839
14010
25001
4393
14703
1339
22826
26586
19206
10171
8987
20465
12863
16343
27830
19350
2867
20882
24834
29823
