100
26418
31830
643
20574
29212
9636
20659
3779
9804
31799
12244
5137
19593
3142
1939
17494
10108
362
14962
2067
3439
26962
11702
17555
20308
3769
2176
11898
4361
149
28218
10913
30426
6545
14388
12577
19528
7102
29327
26286
2056
13445
8283
24615
20815
31969
2812
17514
27213
18891
8402
16493
9207
24821
10009
395
16138
26042
17165
10779
24141
4693
7762
29767
28182
4434
10900
30492
9487
2883
18539
16861
570
15540
21889
16797
27699
10337
26102
9484
21942
14758
11523
12946
2912
27446
22750
17562
3770
17936
26078
24625
8819
19631
11488
6607
27629
9857
12521
15476
