10000
26447
30262
30348
7767
23739
12208
15903
10201
27336
9234
10913
5534
22235
20986
5060
9697
22094
2349
31439
17181
7874
2450
15763
15150
20663
4994
30113
29107
28762
19775
22458
4536
24733
8641
10119
658
5261
31929
5002
9225
27361
2000
3413
5565
26574
19759
29178
3522
16675
25413
5826
654
28817
1476
3618
11285
16458
16365
14570
8242
1487
3086
30656
3657
32514
3145
4301
24107
1411
16534
7606
13881
3129
24075
5582
11469
6959
11100
18570
10453
15778
1694
23605
13761
5720
30800
9444
20128
3635
30619
26541
25733
20741
17369
24084
9264
3238
30549
3526
16106
9796
14161
18570
15025
23035
9550
26740
3477
30885
30087
7259
2146
14324
20159
22670
21631
18622
22332
16323
2326
10135
4884
6224
7029
23461
30631
8606
11957
6064
22637
24026
1689
29049
4338
9197
8632
9037
4126
3503
16095
3033
10426
5719
20913
24640
19248
32055
10896
17515
3218
16550
21953
15777
7902
17725
30154
13143
7809
32070
7455
29257
22809
9329
27390
26057
29055
25545
28568
31575
1285
29159
7025
25715
13820
869
15881
10927
16250
8086
22460
18952
30298
11636
17127
17782
23427
19674
30796
27074
9070
20468
29368
12952
22242
26867
30179
1501
28930
24581
15511
14658
7818
25988
21012
5658
598
21613
6836
20329
8996
30997
20427
7741
26266
12311
29393
30785
15755
29073
31683
5263
25974
7312
18118
12998
25423
5832
1294
22620
7042
5257
13566
30774
11062
7406
26000
14454
26318
7768
18680
19093
8630
10010
23172
2481
9052
5750
7111
21288
28028
22985
11510
19813
14241
2562
17554
4346
17385
32088
19015
26607
28936
8509
6421
5978
11663
12429
11437
26416
12399
6668
15902
23643
6840
11023
5040
22797
26279
21113
2064
5971
18400
4073
3246
12781
24824
25394
11108
12125
29238
20492
19288
17214
26011
18953
15651
14807
23583
7370
21043
16880
8254
9330
877
2276
8627
27227
27415
23800
24196
31240
5622
18923
23870
603
28595
25551
7298
5896
20100
13335
7104
9802
25096
31984
24899
30421
2418
18133
8558
16907
21737
27741
27461
15986
13871
6232
32303
11878
9345
27163
11513
18187
14271
13336
29215
902
32461
2226
6471
14445
5433
2383
8719
31611
15390
11182
16392
13193
31304
27003
7170
25785
1944
3616
14987
3317
1962
5855
11186
9368
22454
22813
26641
5994
29620
25345
32522
18898
14020
19006
31312
32327
31436
23853
6825
12040
23395
27167
20979
12301
8174
4337
7781
11581
4360
21217
11032
22753
15656
21663
22982
24153
28797
1704
6609
27917
25629
10191
12423
28583
26719
22044
22180
17280
3717
8666
20248
1111
5535
22252
23307
16457
7852
28768
12063
10237
27649
27207
19957
3872
12271
26051
27634
20753
11936
21345
16451
28125
14146
6057
26398
29549
14439
24052
14667
1790
29612
3454
15588
8914
5273
5308
4953
23589
11977
32496
2230
17763
26443
2042
10281
16536
19783
8817
31167
22056
9701
9202
19822
25536
12138
3000
14168
14220
8101
5997
8526
27563
24969
6720
5523
5600
22043
19000
9955
8074
7311
30664
6580
22998
9645
25507
12988
8755
5754
9937
20147
11014
15893
24835
10074
15519
8927
8484
27068
620
27358
15408
436
14445
9060
1609
16047
19688
11243
8712
13747
19038
18500
23057
1185
7613
7665
14570
23223
3287
8399
21261
27224
28947
13048
30523
10256
2659
31719
14612
31443
32374
15069
2533
16773
22574
6276
21441
20928
6996
15314
19155
21457
16523
9777
26866
8195
11650
6877
18294
289
32110
5517
19274
54
11704
5205
22339
7575
754
14539
30896
6947
14864
1129
16947
15306
22997
13362
18639
7244
14475
32664
30529
2371
2551
16030
11156
30308
2444
15162
21232
31490
5343
12797
30643
30675
19035
17909
30146
18935
54
27603
18722
12086
10147
4169
10946
16266
28746
32182
28571
8157
16373
17669
24059
21011
21132
11730
27934
17995
5699
29135
8959
4450
6162
18279
1133
27833
5222
32673
19297
25401
22
15174
22415
20372
7576
31558
3387
4045
29301
4184
5710
4602
12538
11745
14761
7753
27184
9239
15545
577
7183
1382
844
330
28655
15123
24995
11888
15679
19743
21704
4964
9337
24942
5410
18627
22101
13864
14150
25499
23358
7008
20240
23596
28418
12275
18675
20971
17613
26035
28045
20685
18264
4293
17278
31681
10590
1608
17275
16510
23120
3639
4766
30848
13129
11409
14080
6989
28740
1463
31370
26109
18829
25109
28680
7161
16757
5380
20095
17667
31306
19183
5825
3191
10374
693
14142
9680
30023
13903
8733
23149
25855
30387
2444
9366
5741
32504
13908
31674
28108
698
11440
13818
74
15296
4959
8940
21435
31452
4344
17304
18063
16403
4990
17351
13313
7678
13876
6270
10386
27760
14770
26565
15030
3674
16953
7596
23501
20203
20548
21136
13652
6651
10079
26267
26205
5033
5948
30346
13628
21315
23300
3507
2436
17767
747
14662
16946
31080
7175
24787
15399
24051
2658
2060
7388
12531
18766
24013
13649
9905
1528
15449
4422
3136
18496
32487
1710
26904
7624
20573
22881
25601
31563
22363
18193
28467
18481
25467
3967
32699
18528
32727
19694
21536
22612
3788
12504
3655
12146
21246
30945
9364
7321
2460
12297
28242
28923
31206
4133
20309
3371
7660
6032
18141
17526
18584
10014
26046
2679
27886
15441
28606
7910
27283
7120
11327
11185
908
20
10782
2382
24393
8293
31450
7503
16098
9221
10489
1847
18080
21931
28071
3980
191
11058
27041
3373
32114
30099
25937
13542
13352
19729
23610
1858
2574
3507
22423
20640
8661
30711
23615
28553
22709
18885
28620
21825
5298
25506
30972
29852
18462
20006
32600
4883
20063
13232
3603
12311
1522
8792
15924
30374
19376
10789
11256
27931
15184
11137
23409
22346
22830
27113
20596
32460
2378
14057
23986
21912
30612
18760
28453
9939
21863
5248
21422
18922
4179
13424
18940
3037
26143
16725
21679
17118
31246
8183
6589
16410
20322
8736
20757
5079
19743
2898
1667
22463
12049
19897
13012
29563
2064
4959
28730
3972
14723
26527
19954
10806
1059
5340
1827
807
5634
2675
8458
20662
14795
24301
13396
29671
2891
17018
26059
7790
21808
30107
21045
7945
31761
6174
29049
18451
6831
25679
13572
9303
13179
10861
25963
28194
7000
8283
850
31900
417
22936
12172
6999
14702
31601
24196
41
10259
373
23259
21303
31978
9770
23378
32083
5715
17406
12267
12424
14328
17024
19019
24306
30294
25552
9571
5075
31609
1620
20559
25316
2310
11949
8318
25065
23423
28138
20244
24712
21187
30715
1420
21083
980
32360
7586
8004
6109
9027
6256
19969
7284
6235
4311
15616
10524
16050
11552
23924
32270
23089
21475
9384
57
11675
10280
10131
13959
4800
4301
5294
11362
25331
20264
2
23927
17341
26860
13701
3769
11219
26961
1446
14505
13382
15727
16423
26325
2554
12267
20779
12447
4953
18390
13456
12096
7752
3794
13182
5389
10842
631
8256
18936
9028
13557
1107
12633
8082
24826
29885
31983
30616
29910
160
12577
18602
22749
28175
16010
14480
29964
14624
21685
3380
14832
2371
21029
27806
12484
4306
30105
22818
22234
2793
13454
15832
18492
19319
23300
8013
32146
5525
22661
17528
8518
11287
24164
27632
16359
20577
13123
24924
22475
9085
24535
1834
3065
7530
6384
10372
32325
3766
2739
10111
5309
24655
26922
23446
11844
1430
27136
13400
2685
21685
2949
29789
26859
14642
19704
6270
9046
29893
15366
16197
18288
25191
31630
9379
29624
28588
10151
1505
31647
16466
15076
473
5865
12314
22743
18790
8279
9942
8659
13337
10115
29380
29686
3374
23051
7450
15719
11454
2033
27874
17373
12598
18242
3080
1377
27911
31478
690
5716
23711
16664
31951
8371
14489
3111
3571
26778
30768
27579
26466
31239
22522
18539
13419
25569
14547
5871
4343
9273
27414
18050
20065
10703
14868
28298
31368
3800
19390
32635
23843
28926
10405
31481
24405
2729
37
30525
4482
29053
31964
29113
17248
7716
15713
13567
25169
8525
17715
21983
4592
10740
31216
3023
13033
16612
200
26769
19471
23931
4144
13071
2472
14254
2523
27018
18187
31564
28902
12019
22126
16519
4179
10137
31481
28080
26040
2309
18719
26178
9272
24866
24877
11042
25523
22690
14371
20517
20538
29852
25284
27347
28102
7034
5865
24171
17449
24850
22298
10535
1860
24083
31839
5824
3963
5795
4692
31797
13926
13382
14716
24777
27593
5890
983
14410
5831
449
32695
4761
5970
26102
25807
25703
31718
4739
6029
19773
16247
18907
30378
32447
9128
867
9983
10545
31549
23583
20890
4410
30931
31370
2065
13032
21966
27077
17174
5621
26004
12276
12108
14153
26873
9190
15449
11199
13817
17908
8765
24620
1965
8235
20706
6814
2680
29101
32243
8417
30850
10580
17650
10312
23143
29593
3461
29353
16432
24500
11281
15530
1666
24581
28810
24891
31765
10675
6026
22116
31592
14227
20896
26433
19635
29771
21738
20299
25630
20407
11494
6872
20528
17291
15493
28902
27786
2874
9857
10772
11477
4887
4081
22769
5113
25274
28955
10105
11151
1702
26761
11741
3994
15657
17503
9859
25201
27267
13803
9038
15616
6218
25470
10271
28464
1036
19578
20124
9380
311
13229
22320
16806
12854
989
19282
3169
23773
25252
5387
30288
24071
25983
12210
6646
125
7457
22011
16592
15130
27405
20784
1416
6701
21859
19901
26219
22559
19706
22770
23581
26966
6576
27653
18571
32600
24830
10326
21026
18228
31440
10487
32575
26398
2195
3436
9702
32601
655
8623
950
12890
12151
18296
4636
30762
14910
1210
27336
16652
23085
23409
20573
11104
16691
20123
12141
20679
17532
14468
11172
28296
29508
22087
3395
27954
4078
11410
8912
2947
8016
10665
27404
12425
594
10414
6950
10503
19895
14879
21806
21530
21562
21920
8908
796
5853
22779
2098
4297
3966
30821
17231
29600
2475
1027
2886
20364
32183
9900
25630
19140
8717
497
23227
10736
9925
19290
15629
30605
20341
20211
8839
14994
24394
31495
22739
84
2903
22828
2244
15783
26412
6271
10124
19270
32683
3377
2095
373
6167
18755
8503
14052
15726
12941
23210
9943
9209
14853
30777
644
801
6206
29626
12732
25476
13103
23512
1742
4936
4406
2825
27049
13487
32093
19137
15936
6892
16603
14054
2611
26934
5598
30083
7595
10266
14215
5824
17285
17685
13110
12562
15540
12386
24329
3503
2784
3345
6559
31045
20051
10073
14114
3307
15126
9519
16260
856
26967
9495
25096
28242
1294
16187
16901
24682
8417
7354
231
24295
12356
6466
10614
12288
27876
8929
24667
22862
11078
19480
32223
25216
25259
17458
29943
12369
27704
10707
11134
2999
15699
27604
10177
10589
8528
11342
14144
17748
13901
23029
29363
9990
12634
29608
17228
8555
11742
10822
19772
25471
3126
21698
25464
11507
9118
27258
26813
15138
19285
30660
16849
584
32508
16586
15629
1774
8767
1689
4888
27561
10168
8820
25845
1796
7952
27502
23360
5563
28264
6712
19124
23850
15095
7991
497
20996
17652
7897
9340
5960
15030
2090
14088
26993
18202
31138
16628
18926
24357
26689
10004
32465
4842
15583
9140
15051
26030
23485
32730
344
29003
19039
29132
6967
22738
26526
17618
12061
20084
27129
11837
21162
12451
6188
29608
10140
628
28676
18046
22851
17224
12145
30909
3637
27051
29661
28409
8770
1404
25532
29603
15530
19791
5732
20363
5774
6927
11807
19364
1445
7144
22655
7
7984
14179
10482
5179
1840
29139
406
21684
16342
19953
32335
16793
3387
29123
5654
31435
16721
4802
26260
11554
1050
27963
24047
25850
27671
19190
14052
27118
31492
23830
31510
2019
21186
27968
32677
26953
13973
10751
4099
26269
11407
4711
15107
28466
21324
17657
30259
28466
16352
13767
2924
22239
30734
4057
1191
10015
23739
17870
2578
10040
6305
5574
26212
10200
26440
1152
9581
30552
18482
5056
241
27457
29270
14324
4022
8976
7121
20758
27356
26678
27095
10964
15725
20323
7407
18415
29237
32516
19808
31969
29652
16139
19430
7618
13073
13806
31402
17260
26481
30450
12913
27614
15881
17833
2068
31198
27280
12985
1584
22499
20152
30176
12062
16945
11198
10549
23334
31814
4672
18865
18159
30069
1104
8429
26170
8401
32198
31789
20176
1100
22234
21662
20409
17184
13554
19676
2223
10094
32184
10167
5587
28453
112
7223
9118
24614
18825
10974
32537
26534
21617
22572
30289
18643
4014
28777
7429
7866
26411
14494
18851
13672
18639
12517
24179
32335
22356
19426
13073
9196
16215
16274
12832
167
25259
21315
32573
31995
19955
20196
14642
6358
11376
28543
11372
9283
11799
1284
2480
27462
5095
7496
29961
22791
22137
24653
261
22067
6873
452
27168
26272
27028
27600
9857
18992
23570
1805
7652
9463
13350
17361
7640
29344
4580
18610
24106
18700
15283
27208
10657
11837
11427
20532
32491
1395
23808
27488
15832
22420
31015
8585
13510
31441
31384
20987
8797
23943
22349
6044
32636
30819
15178
27692
9586
11210
118
4299
9330
3192
22697
24508
24129
25447
24070
27496
14642
25842
32139
3750
32596
25402
28646
21049
15850
32713
13450
19354
14619
8309
17155
22777
18411
11143
26246
24190
11370
20253
30669
26836
15403
22477
26914
22760
27896
23179
22713
31982
6596
13773
7490
15014
5089
11757
191
11997
21620
10446
7571
26166
25125
19650
4572
4906
16155
1707
32003
25934
29479
15201
31634
26068
1599
10324
5445
32085
32559
14195
20835
1742
14987
19020
25934
5096
11752
16500
12633
18044
27467
15657
32731
25430
30946
28726
14978
569
20722
26135
2537
32548
7697
9054
4972
4308
1941
3925
18747
10378
8780
29157
173
32526
22894
2230
17111
29428
25551
30616
2910
7198
6489
6178
27017
14466
15546
27800
14234
22061
3418
14866
23647
24200
13712
3547
19204
26331
26901
12824
13611
27151
18361
21930
9022
20408
22612
27477
26372
25683
12288
1057
7283
9931
6533
10496
11462
3907
20757
30642
1999
13071
10298
1766
1933
27139
9740
21922
12801
22769
30631
18916
19774
1389
17628
650
31168
22227
15655
111
18174
10380
28897
27351
30274
20876
19127
29453
24505
17695
15707
6986
11718
12518
31097
25817
25244
15388
16365
10617
23564
19486
9267
9219
18843
29227
21279
27724
18648
26216
12750
27213
7149
13351
26844
1153
11891
31592
12247
3471
23691
27552
27892
13609
12330
23482
32001
52
2228
9052
14235
3113
24781
6507
929
8635
9836
23505
4073
23226
22832
17534
1073
24375
25336
12204
15960
32233
24238
30568
28622
9167
16739
18510
12105
30487
6561
13204
21177
6463
22780
8778
9599
21626
23531
3551
20185
14421
9174
8680
31905
27034
30576
11037
9784
10612
23879
30628
31677
22485
9370
3219
21890
29973
28778
21680
14272
26332
30931
11387
16009
1089
30365
28526
1535
11571
27919
27267
25284
28952
17923
22519
32433
2229
29760
18509
11723
10062
4099
7319
3954
26382
8671
30193
20444
21673
4039
15950
7618
24127
24682
11895
10329
10628
18623
30032
14724
5406
14304
25693
16456
26958
21787
17798
24448
31699
9286
15895
21714
19211
17492
25355
19425
21596
31782
25226
29124
10706
2467
26288
23736
2825
26379
5520
7185
1358
31368
21113
1143
24321
25607
9336
3150
21053
23877
26141
19574
23228
24621
8834
31029
6900
1889
17290
26481
7302
23831
30055
29219
28633
3110
25439
21512
28418
10080
12751
18842
10216
31523
22896
3902
12709
7467
18393
4031
28975
11946
26949
22267
4407
1179
32663
7388
12625
10835
27291
31882
4182
29273
17807
11231
13830
2423
32226
18204
24562
16401
18235
1242
13722
32182
4285
26179
2002
4853
24458
14209
8042
23922
12933
29815
24333
29241
21341
26031
15466
16977
14535
2452
21650
28053
24074
7650
8097
14271
13249
23898
1953
21446
3548
17850
26283
31082
13033
31212
12367
30988
28818
5246
18999
16836
22886
32338
22534
3502
4060
7575
32390
10372
17044
28919
25091
1138
15841
27410
25586
4389
13957
8748
25559
2342
12731
10274
1893
10598
11899
7843
19942
1818
29689
23452
29405
30664
10607
12788
25578
16290
6940
12922
19951
31252
20620
31004
1393
28825
22555
23129
20033
21458
27573
1273
18011
2777
21215
27643
30734
3283
9723
3279
22365
30916
22215
26053
11942
24488
8744
12486
16001
29887
20262
13890
5355
6184
24375
19561
24484
28593
5056
22174
15829
494
27865
22824
21750
1928
1361
29995
11503
26328
28657
24791
6013
3508
31237
12256
9944
7561
30489
46
30611
7594
31233
24277
20931
10216
7964
31047
25955
17251
19417
28361
9719
24992
1913
22051
2416
12763
20759
19356
11856
16030
5862
6949
11534
2450
12987
23253
6332
6550
4043
2453
29415
12046
23989
1565
5823
4733
29891
29215
24439
12631
20332
21953
3567
32016
15646
5969
12689
16505
12859
6964
6265
24396
22882
8224
2776
13317
18927
11148
21914
32756
1989
6756
26694
8593
12363
10752
2598
1295
30900
3415
27305
820
24964
25200
4357
8807
17231
7194
28448
28171
6340
13277
7089
22539
10731
14384
30626
22710
31915
2796
17082
16590
11919
25601
25464
29147
7114
27752
26178
28869
30584
1369
30655
1698
14630
4029
24193
25549
917
18406
14311
31032
26811
2430
31809
31747
12043
4029
3638
18253
31734
1503
22883
4170
1970
31702
17477
8341
15930
4924
31065
2760
29078
30859
19329
3403
348
31888
14762
5993
7031
25117
21932
9385
31271
13311
4721
25179
17225
14127
15706
21361
27865
19789
9950
26256
19125
23369
15989
12903
10659
2148
9652
19520
7062
26967
32441
27860
22829
27601
31177
22372
23677
5671
26168
14085
6416
28487
19081
26172
29997
8943
18391
21706
26714
13852
19572
32713
25376
24516
22991
12280
25614
22983
24987
29268
24065
15908
32301
32488
21410
17512
2598
485
19503
29549
23379
31477
1407
6976
9425
9933
1856
11107
17525
9985
31620
14645
32618
23581
28796
19118
29212
9713
26498
14671
14165
32300
21853
16729
2726
8493
30657
4414
27145
14613
9238
27989
31428
16161
29562
15313
13713
1847
28681
3316
7675
10686
10076
29568
2315
16307
17999
16751
14116
9465
8712
31971
17708
13553
21045
8544
14572
13643
16532
313
11450
25372
20921
23368
24149
22064
2828
30946
9488
11937
23057
26634
4915
16552
24812
9701
18078
12980
27684
19823
11439
16825
30119
7787
15718
8139
22798
28832
29127
8427
7459
26434
31104
10785
30368
30895
29644
5835
26682
7772
12183
2100
9182
16654
14051
21352
4411
13645
10602
327
7552
23573
10885
5337
14439
15312
26188
3041
8818
9601
29183
19893
28788
14914
2981
31820
26708
25840
31986
23449
6926
7205
9582
17175
24570
102
28628
19878
5457
10910
14008
15253
18925
16075
23661
15104
13392
5880
6694
2652
6888
6763
19035
10576
4498
5407
12911
3014
12380
9077
3983
835
10127
1574
27357
21107
21741
29308
30926
7945
15927
12994
2000
13766
5362
11001
16945
21718
10091
5580
18236
28771
25337
3526
24485
9573
19330
14019
20775
20151
3136
7076
5483
28784
1477
5191
30764
28016
32061
18359
24729
15161
20724
7839
18938
2049
22040
14853
12183
1797
17343
16948
28629
22303
20267
8698
27299
14235
23885
532
24340
32583
28041
6375
19533
2505
8633
8817
22946
3893
1908
5246
2556
6623
1680
25375
15998
3694
6373
26968
19560
31282
12116
18969
10811
7096
26633
23919
30750
22939
31228
32252
26496
7068
31166
19109
17919
14837
23410
12426
12168
30443
22041
20795
11200
13987
3092
6441
15011
26934
7395
6746
5227
23303
1075
32609
8372
24405
27160
10894
26845
2316
18583
21858
2481
26081
2663
17477
26695
28573
1784
25211
11814
10169
32693
23125
20653
4396
647
32164
10163
31873
21914
4723
22378
23084
20579
22518
4489
1822
17890
22461
29098
18327
25636
22317
30960
25660
11533
32049
27886
7529
27732
45
7620
26824
20175
28724
22411
11555
32497
29050
756
28790
27281
31500
14635
11337
5612
28094
20226
15420
8174
5989
6987
6884
23469
30279
31877
24789
9015
20688
25020
14848
18317
30087
23210
17728
16879
14144
29474
4655
2650
31122
23983
12606
14160
24971
12664
2565
19159
32419
16230
27607
20676
32751
17033
3226
12857
18839
28600
27093
25197
32394
10360
16395
18603
21104
21792
3144
2974
14305
10810
19449
8651
16084
23851
28416
19295
14170
3095
12296
22827
27788
23807
18198
25837
3009
6188
10849
24273
3077
16849
20836
5175
10695
30444
11825
5047
19154
4461
20744
4706
24191
22426
27176
13899
3624
15026
7653
27207
20959
26832
24315
7920
15712
13843
17186
7408
6469
8444
1507
19580
7289
30231
11689
5662
23023
22238
1819
16568
13972
10202
27305
28870
31618
10763
101
11491
22646
17290
30229
2959
27268
15213
23430
28207
6921
27883
6435
27989
27362
13761
13509
23106
32219
9171
22733
31145
31338
9751
20849
23478
4510
17583
29779
30031
17234
9301
9816
24218
12966
22780
29623
23231
7856
19380
28240
3311
21358
14287
17984
32421
9983
834
20658
23339
22291
30286
28919
1121
23201
5727
6106
25786
31704
10292
19757
8839
20055
7488
30632
6264
21920
28752
22260
14175
28618
13679
25602
13624
22647
24838
2977
11623
22534
2632
30544
5696
29450
11469
22608
12236
11770
11645
26878
20426
14634
9904
6240
12021
6393
16276
5118
7045
7756
4814
9203
13560
17212
26724
3395
5394
16396
18138
28271
2595
27742
8091
19015
18056
16550
6811
13568
10612
3038
17723
22406
1265
12668
10349
15635
1313
929
2584
7937
7370
3475
23998
8925
6929
25197
10332
16060
20102
17429
23441
14290
22881
13935
27651
28480
6923
21200
9983
28974
21217
28598
2911
31258
24628
28854
10673
26223
17300
21173
20373
16474
17742
18523
615
24537
25907
31429
3358
20757
30619
17018
9588
29937
5034
27809
27720
4067
14034
24689
19776
15107
16793
14568
434
27489
12701
9920
15045
924
15573
11935
14035
9136
12825
6030
17938
11024
17125
7596
628
8437
6746
15651
16075
30453
25989
10588
28977
22999
12516
17519
7335
1190
16166
10974
32252
18948
15667
10114
32753
18369
30572
9157
15002
30892
29748
26642
519
6313
6063
16522
18468
3844
13513
23033
21982
21253
12155
27400
8071
32453
5194
32180
14460
1087
18704
27902
10757
14506
15102
27364
12668
10759
11746
8849
10674
29430
4262
19153
9102
205
31513
15559
29175
32747
14579
25314
11508
25162
1555
5133
28690
13396
24586
12070
22535
13304
4317
2738
916
24060
22279
3279
7088
26005
20158
32617
9954
18997
119
29873
11247
32676
14508
20427
26549
23634
3293
17863
6743
16876
12757
27347
12186
13357
1838
8111
18063
20983
31767
29537
23667
25762
12629
19753
7891
31124
31880
29367
10483
14865
12464
16028
12401
30037
20463
6911
25894
4320
2705
5265
2125
21266
12105
6595
32487
15351
28861
14902
25438
24676
9285
31346
23144
31555
24048
4060
12078
10539
3529
6370
31406
564
600
9593
23133
1545
29803
9161
31249
3646
22
1318
29983
15076
12024
12099
21184
3419
30656
3490
8634
9576
22256
22351
30524
21639
25825
23758
21769
31619
3335
29266
15064
26179
19063
18992
26363
6631
3494
21394
2624
18708
12148
29040
29461
25227
5481
7612
29679
28161
27454
19677
2284
11051
5535
9567
183
10008
16943
24553
11436
15299
14541
25455
23612
11753
21014
29096
10131
23832
14122
30659
19833
14857
20147
22358
10358
30511
31524
15255
32570
10128
3647
20174
13371
16340
5594
25610
6304
11675
26082
26899
26206
30996
928
13473
9633
9420
22075
1227
365
16323
16511
16834
20357
24005
2012
22719
20364
27127
11442
17210
25962
1969
6092
3677
21233
30091
16682
30392
13505
9915
13315
27702
18024
1694
5130
4688
12750
6804
2033
4224
28113
30225
11563
18169
28716
13553
30967
15253
13981
28684
10906
21263
27463
24587
13035
10866
10325
8826
13589
9425
7904
21790
1177
313
9490
31624
17554
3300
28556
25322
3133
17839
31238
30762
13496
206
25397
17461
13322
27071
16370
662
10596
28028
10648
1607
32423
26101
2990
24774
17189
6589
29894
32620
9132
25604
28324
13051
9153
6341
8611
21878
31785
31040
18261
565
17070
19627
12394
5176
16159
28965
25043
24252
4505
30955
3367
21516
3589
10190
26693
3738
28898
25829
10299
28750
20805
29823
9062
19486
29725
3675
24283
19935
25788
9244
2822
5210
30355
27639
13201
12707
5181
943
9863
1446
32704
16323
22202
9987
26639
31462
15714
19996
30675
31151
32518
30315
16746
13970
22432
10778
11312
10767
4604
11213
18174
25385
3681
29379
9201
1050
7283
11549
8557
30533
11352
15485
17505
28780
6938
24787
1996
3619
7756
1396
17792
12164
4849
25709
7206
21029
13209
29718
30338
3143
31181
21226
6136
30544
11949
9621
21071
7804
28376
6991
18614
17871
9612
3177
25604
7502
17167
26405
23620
13422
12877
24267
31601
16845
20930
4345
32126
4896
29594
5435
12697
14700
10519
10971
16561
17786
23860
30971
15670
10373
648
5344
24608
3381
22636
17041
5938
15569
2912
9121
18560
25776
13483
18505
28463
20464
32066
22202
30076
26987
26603
15536
28671
6631
1698
8011
7729
22157
7996
32027
21549
29597
842
13945
12723
3935
8000
28702
19058
10589
1239
1006
9095
14799
29871
29717
10817
23895
11065
5205
2087
26862
29908
23966
30780
31262
19766
8160
385
22387
3598
1565
15036
13612
28903
8386
31608
12853
26704
27191
7757
8538
5178
31157
14433
29365
21921
22616
27183
20840
17775
11381
11655
18834
4765
12077
17622
2683
2971
8258
12200
6418
22258
11306
18539
1690
7976
30818
28534
32672
13795
18949
26442
18224
29266
31389
17943
29256
20169
12089
8322
30605
2475
1472
20901
26429
19853
11396
1111
24421
9368
6170
25006
4180
15151
19306
2243
25935
13778
26114
13237
9606
7747
27824
11761
8519
11239
79
32688
16242
27502
30433
29377
32557
2487
2782
21640
16856
17901
5324
6471
28996
20215
784
17564
22047
4111
1028
15179
12979
12464
5705
25150
30161
19382
29535
11978
6663
8641
2162
3124
1305
19162
29047
14964
31663
11097
10872
2616
32076
12293
27436
6700
7295
5502
24779
31097
10077
16088
14880
21387
13358
24457
14816
2328
26215
31877
17210
23134
32729
2215
5295
1708
4647
8275
9508
1315
25725
10330
22326
15038
24959
21533
30413
20880
8576
22262
13556
5453
25845
17619
5608
30988
4905
26148
1390
10827
4402
760
1386
21812
1315
26978
10926
32287
22915
13090
23568
5207
5374
3713
1983
8737
23131
3709
17111
15866
9390
17958
1842
8481
5071
13128
898
1877
23818
15434
12700
15328
13336
17750
10007
30676
16462
8379
21526
30101
29205
24207
9314
23959
19610
16280
14012
28777
30663
20333
7793
4595
11889
27096
25390
6652
23763
12159
13078
3567
827
11715
31506
10206
12547
15849
22888
20167
11203
24439
7824
25622
5829
4577
20547
2668
11961
29029
25300
18847
28074
6964
7363
13314
11057
7378
22672
28902
3305
29375
6349
20576
23330
23127
8823
19533
3546
31479
4486
6804
9705
10849
7107
13483
9851
20578
30170
30813
17091
11698
3760
17866
5102
2587
5366
16047
27478
3549
31487
2791
5369
19026
27854
17970
7721
13774
27764
31542
29829
7881
2201
20419
28967
23104
24920
18011
9247
12632
28496
14578
29728
21061
16631
28914
26234
18538
8754
130
9032
16321
25123
16648
2539
6014
11074
6892
27063
2031
8624
31392
13035
24487
15304
5853
13287
7131
2294
27695
13977
24588
23244
4531
4665
4326
1106
19231
1334
5737
9118
31748
27504
2374
10661
24656
9383
20364
5201
11799
16179
27779
3796
1171
15094
2008
27707
19561
30864
28667
12358
27949
10449
7110
6775
31785
20596
28511
26473
18522
13322
18527
15459
26556
16436
5428
28973
10696
16917
31684
11298
4922
1031
21330
1159
18199
8845
30118
7963
239
11658
11112
30959
1119
27056
14286
21624
9691
17978
18295
31971
20650
23262
18070
21416
11826
509
25170
23650
21110
25374
14701
15070
4573
410
36
22386
25653
9112
6999
7568
30967
9532
30442
2202
24781
3100
7019
29432
28753
28404
18165
23401
16408
1434
3412
5270
28143
30004
17257
4845
868
11432
14800
19628
9609
25940
2753
24636
29172
7168
32564
29889
11530
5648
20297
2287
9598
18174
16870
9247
28948
10760
28578
7586
26283
25638
11490
28245
31098
16959
24385
16501
22938
26524
16950
12725
32196
16541
24305
31630
31325
3499
15237
30167
18863
6765
1356
10133
27002
30015
14983
23060
29099
15072
5958
25143
2155
19050
18824
5132
22363
30088
12450
5283
26142
227
11237
32289
32281
2269
15483
2576
31606
7810
32402
13817
12143
12475
15805
5685
14281
5573
10390
19200
28574
18658
26537
19407
23904
12367
7053
31972
16923
32629
1620
17183
11770
2403
25638
2583
15885
6012
14120
28777
26441
6253
2722
3664
29393
15203
29026
2678
3956
19322
17243
28938
7286
24440
24210
275
4499
12731
28475
25604
10305
13424
798
912
10806
13830
27712
29119
2346
10722
14016
5954
9182
26965
13823
7172
23645
203
27907
15873
25473
23877
22046
2651
23994
28169
19914
11434
17675
3735
9432
18580
11349
19680
7626
4511
18392
24499
22909
5442
24311
24952
30475
27458
2875
8992
27375
16444
26779
11100
20842
28285
6907
13837
16422
6426
19698
18428
23322
32062
3024
10956
12461
28094
9440
25901
8478
11507
26602
850
21795
6344
29436
17316
2000
23826
27498
31672
10171
8224
18452
18814
4958
23955
4327
25788
29884
25456
14247
9403
72
9588
28139
3649
6914
23208
7273
32190
11235
6453
24435
16842
7291
25720
11458
14799
19673
24921
1651
19715
32427
9433
24399
19866
31654
20715
5199
7225
31528
29573
8031
8109
2844
23542
26467
25821
31
23162
20856
31485
12512
7692
30588
24581
205
9339
10192
4450
32236
28864
4700
5355
5638
31631
18132
3606
9995
4652
26682
13164
28338
6016
14757
14394
7520
23404
26688
32394
4171
31837
13973
9553
30431
1825
27916
18154
26465
18681
13230
31683
9938
2031
14639
30039
10262
5481
19244
17756
1621
28415
17329
9533
32418
24970
28670
20938
11482
25213
21643
20271
4047
4985
29257
10530
6310
9243
28971
865
18814
1561
21477
3676
10067
10125
6388
13358
801
10128
27870
4562
24140
14603
20923
4244
28223
10186
24564
13253
851
13266
1099
28339
22259
14069
24347
5849
1279
18595
10465
18002
13421
21507
16380
17044
13110
21570
17329
15194
2416
11052
24690
30178
18359
17913
12640
14425
5330
1129
23310
2452
16020
5651
17288
6400
20991
16889
2964
25308
32432
19553
11575
25765
18807
28384
25467
30162
21061
5816
16240
6338
12619
23908
3697
22515
12128
28528
30120
884
23971
21902
26325
25245
20578
21479
21066
11773
315
21423
14906
26004
7297
2812
2868
22338
15842
22232
24043
27008
24646
31636
1592
32334
1273
16224
4962
620
22029
4889
9628
31949
18426
15714
15567
12873
32392
15350
25754
12690
30959
20285
24984
23401
18748
25629
17377
15122
23286
20498
723
17157
3330
4993
1554
16870
8900
5705
16333
9143
20615
4764
15427
21325
26399
8717
19078
20480
25292
8425
8831
19367
24930
23499
11315
25796
17319
15211
19524
20731
32253
25271
22971
3017
23617
29477
8452
23922
15602
27463
6202
20027
1942
21408
10406
23002
25177
11702
12674
30507
27384
22888
10242
18468
30429
25730
30869
1547
7820
30863
3432
32230
6205
23278
7723
12596
9674
13096
11545
28378
6604
2945
21810
30816
14337
16333
19915
1885
29938
20101
18249
18224
22738
16410
1322
5873
2472
6281
22853
10152
16561
1840
25682
19132
12031
18656
16300
1198
5479
28723
29782
14342
5018
2080
25404
31886
29330
17612
700
30399
28208
13987
5477
17273
16931
13224
15871
19447
32267
27401
5323
5633
25822
22263
8716
25699
23435
180
25029
15263
10974
19182
13509
7903
6308
13899
25313
6445
7183
21573
4737
26342
12636
23608
22878
21356
4274
5817
19081
7964
19534
4906
9648
384
6621
23435
2973
7109
19241
6803
23551
28527
14840
26624
8301
11595
11057
12075
10408
28837
27969
25567
15392
15036
13757
31083
1210
17011
585
20470
5841
27721
184
3091
14971
32395
17013
3222
23053
26057
16161
29349
14817
7558
27261
28690
23894
4403
24971
20456
15641
2399
29424
27971
12963
31016
1693
3173
15619
16373
10414
18951
734
13159
15250
5357
13748
1420
5485
26045
14948
23382
3258
10513
15091
10060
14389
4043
1417
7296
26104
14761
23740
19905
3556
28185
7441
19729
17218
22350
23488
24410
27050
29587
25272
6236
12580
12511
11747
29418
7566
26282
19883
14678
7486
8704
21181
21034
29416
30676
9997
17688
30401
20886
30746
3124
29412
26632
5747
1377
7925
24653
28282
6153
32517
16194
32360
25362
10678
10002
28049
1805
14752
4869
10474
24752
28147
1433
10440
18310
15965
23764
17386
9445
26158
16600
13242
30497
10938
24760
11728
5375
24830
29066
14008
17772
30343
9150
4597
32623
400
686
29509
26205
7275
29301
21799
22092
4130
16389
6299
5321
4701
30580
21033
31182
6790
29847
26660
9454
4652
25042
26160
4819
25765
6446
10754
9962
12792
7084
19815
32093
10490
4826
29064
6466
19638
4259
20332
17170
10514
363
12734
11100
15024
1116
15313
9658
3603
7674
8673
4101
23043
30974
13980
14789
6450
10593
29152
24555
26399
9655
21703
4291
9275
27326
20193
3108
9547
32055
2240
29674
29197
15860
14266
24741
22302
17459
24298
11923
20251
12842
8568
5836
1798
14307
2586
26813
492
14410
27611
30679
8133
17541
16412
4488
2972
24963
9688
3947
21744
19416
26156
22972
14425
11720
8726
28174
23407
31649
3453
15936
32743
27215
23409
31661
29183
13354
16309
8867
13853
8210
10618
23063
14770
32446
7022
31638
2917
4689
17653
22399
24174
5166
16566
2416
23871
19726
7258
28926
3946
29520
3472
8873
22207
17296
30805
25870
18356
1914
10866
3679
24843
32480
28742
22033
26286
24331
26309
28372
25566
23631
11969
31944
6284
29154
25961
15342
22023
23535
1551
27357
3800
30693
6446
19894
7658
32533
21675
23897
2287
20348
4443
30425
16894
14045
14790
7982
11393
29716
5674
12074
26958
25254
6595
31663
11796
1180
5450
19998
11257
24210
29372
16658
18817
23051
24156
21839
13234
8711
251
21237
2678
11736
12151
19194
11328
28209
13186
19670
25842
20608
4516
9344
1023
3197
28803
13466
7628
28675
1379
16616
31837
7456
10729
15623
813
28264
32548
29532
2653
30094
16846
6218
29969
18485
13262
7592
1816
3843
16130
23154
15819
2807
13628
23230
12343
1277
20874
27634
14974
23488
24251
14645
30842
9152
10014
3107
21412
3492
4493
1477
10292
1745
4010
25536
17802
18491
16745
9676
19917
18299
29135
10088
14546
15907
20729
461
32319
15182
3935
18976
10992
29563
15962
32747
26009
17051
6628
16334
9901
5224
8095
3698
10111
9977
5914
20415
19624
23443
28495
15951
4008
2499
5488
30498
11216
2217
10467
28051
4703
25239
12427
23434
27115
26331
13641
500
7426
3544
26050
19824
15378
25436
10083
13131
13958
27437
14499
23215
12082
13285
18568
26135
28657
3072
10093
28934
16524
3380
29954
5625
9438
29185
28564
4250
17974
27016
18575
20534
3069
23968
8769
3697
10137
24359
6880
15929
6032
11414
2255
26360
26097
1752
19485
16398
9712
18525
22863
8318
29904
29290
24927
5863
518
9395
15108
15799
25243
13099
28980
8091
13266
19995
6887
16442
20747
28785
24607
7458
8423
2139
20517
15106
15789
3605
27925
4891
31980
32000
4252
29937
6754
25331
3585
12358
2589
31189
13666
6984
13792
32620
7233
18698
10696
16240
20287
1073
29743
996
20774
25072
15569
24486
2861
310
22317
1860
4728
18981
21551
11281
26335
16839
22283
3448
3824
17916
12652
13457
13623
17847
2766
3570
10941
18794
5928
21960
29390
24511
8399
2598
15359
17033
27031
22428
27248
18426
10043
13324
5967
29718
7935
7097
10653
15975
9363
9377
27701
24563
59
23565
17674
15723
45
8806
29104
16805
14650
31050
27934
15436
15025
30687
25266
6359
14721
22887
21109
439
30365
23061
19105
17365
25765
22047
23136
1595
20674
24341
8663
10769
4818
15217
9059
26316
2245
1135
14882
30370
24902
22047
22966
26433
31134
17848
31557
25280
21206
4655
23492
1238
25116
17160
28534
4170
16489
10605
11951
6314
32096
30589
8158
29760
6520
25062
17098
2626
27485
32694
16668
20809
29844
23662
2078
4612
26974
28760
12226
16942
28640
29467
21222
3005
23168
15501
15574
21597
24978
10184
4115
22812
8244
11392
19027
12903
22646
8852
18888
21557
17087
25570
14245
24194
27756
16480
31711
20991
27065
30825
7728
32008
24293
12628
14434
13526
9361
6219
24010
12022
2922
10074
7187
3833
775
16583
31037
31854
10260
5282
4836
21773
32177
1180
17094
20277
22037
31261
27776
8345
11895
25232
22680
32054
558
17922
16576
648
22807
11243
29017
25341
5431
16971
9271
26026
17313
31481
30884
3644
29850
4920
11431
306
24316
14732
31622
30794
21208
17868
17801
23353
16223
14199
25857
20639
20483
28235
21641
23354
25817
20756
2700
22362
27202
22211
11783
27797
21450
9663
2192
18363
15952
15744
22936
12557
32104
24153
28397
21161
6141
9109
9858
17225
30779
966
15731
10541
21163
11098
4164
2390
2208
25967
12394
5877
2515
1769
29452
5923
31050
4033
23818
11474
6526
30367
4159
8452
17340
21164
7683
31547
28364
22433
25332
32304
2257
22565
20471
23751
10352
16981
17529
15171
22836
19108
24059
20662
1841
14565
24781
15548
19944
2982
7705
25961
11883
26048
31524
29056
28866
31276
32209
13030
13452
27160
615
5462
29929
18746
32403
25941
920
15461
30129
873
16221
26202
583
22406
2470
5856
6354
6345
16237
28695
26566
15721
14688
30217
30928
9962
5952
15490
30558
24211
23175
10018
16481
30243
5197
28592
8017
24768
10860
26289
23666
22576
30691
8761
87
8779
19576
3842
28836
19120
4002
6075
18968
9400
2725
22178
7114
10664
7679
1365
26546
1835
26115
7909
3180
29183
4804
26669
31801
4334
30516
21090
25927
5120
5005
27627
12082
19439
7920
21362
29130
21979
21580
24891
18711
12095
1666
31412
10906
17956
16327
17486
8150
22932
28745
9612
2575
15954
28693
21337
21330
23496
22584
21663
12469
30017
30500
13589
23008
4952
25686
23129
22988
8624
30518
12094
23755
5350
9535
6503
8137
11460
2911
27925
25809
9912
9889
21309
4307
29828
9
21982
22180
19254
20415
1681
4934
7771
23409
29538
16234
23408
5106
24030
6707
31129
13863
26733
28989
12694
29475
11746
10718
29170
25489
30545
28587
25469
19026
1056
11326
4605
27240
6241
11319
3361
29715
17759
5505
5558
19769
8311
4823
11037
14603
23594
22662
3325
8934
30576
26228
1333
4215
30542
11105
3605
32547
24234
28013
10445
12454
22623
7130
30757
11002
18317
28180
29551
28538
12850
29678
17850
11591
14847
31535
11593
29419
5988
28237
28484
9020
19182
4216
13228
12675
30930
15066
23956
26846
8906
32542
13199
17123
13343
21295
27749
4486
5127
10818
29706
61
12850
7958
31952
12386
16800
4986
12507
29912
5557
26897
6101
28913
21903
14162
1252
7823
31127
8914
8409
32650
18262
14790
25771
32338
16267
31171
6179
16854
12922
25289
10456
30884
28294
15232
27998
24401
15618
27329
10427
1563
8517
2648
25114
6605
3580
5897
25796
13283
1221
25041
31819
30191
21497
9837
16648
29755
26312
27425
2248
13232
23436
3506
20419
16118
21591
8628
11726
5853
13774
1036
11217
508
18491
18349
3450
32664
28381
24485
25395
25031
27011
10845
30802
21204
21593
16924
29072
18918
23041
14030
12221
13021
19429
5380
19122
19837
5324
24123
14470
1998
14764
22113
29957
22466
23743
19093
15709
22553
30425
13615
13339
11394
15097
25344
342
28931
22558
32219
17194
14490
3420
8275
25193
24357
17454
22215
8076
12927
9486
12700
27632
14060
23107
19658
25407
2743
29947
28826
31019
11545
10393
12206
12131
11357
20560
9793
26559
32578
29425
16048
9918
3489
14593
7993
23091
11343
2319
9475
30779
4165
15940
4191
2674
31998
11580
17998
31079
12833
27412
19267
11341
23648
2757
23338
20723
3488
17584
17064
24566
90
15482
23973
12597
10817
22809
24328
13445
25125
25391
17857
8870
7447
23959
8973
14966
1742
19518
5621
24165
31049
23861
8216
9769
6070
10244
14251
14515
4243
30528
15038
609
19219
20576
10177
7029
963
11724
16198
29382
7277
7991
29449
4277
9020
17455
17965
1635
21794
21746
712
23841
8055
11652
26786
6696
25827
3838
14650
10891
2429
2857
17674
19305
2612
20043
24076
16999
9071
15169
21373
31325
19184
3534
23265
22608
254
30515
2631
23713
15555
26880
18382
25731
30707
553
21096
8114
7598
21084
18398
3683
24744
26514
19477
7030
15495
23013
13711
9971
9868
18849
25396
5300
12662
925
8019
13151
10403
16332
13284
3992
26233
11791
5136
1908
27140
17741
16115
12848
28640
2246
16288
28707
4698
14244
28261
14065
13522
6867
22353
28162
15972
25875
27124
28466
26567
22860
22118
32714
8308
11041
15243
21936
20235
19911
2708
31962
28915
9496
17353
12552
23873
19683
28806
32691
11996
27271
32388
17984
6622
15552
24666
24698
12349
24000
5956
6975
22954
27522
2594
16249
697
2651
19908
18769
18243
30162
16996
8095
7177
5041
10868
24484
15257
15708
7835
4347
23158
13154
762
21965
26227
28498
25011
27461
21856
18384
20140
3651
18152
6887
14480
6229
32186
29345
19223
26851
29671
22485
18056
28329
3723
18241
28796
25962
13488
31960
484
7139
19823
2397
13901
22015
26968
26161
24675
8009
6933
31594
10164
8614
17225
19492
21431
21572
21438
15644
18445
5838
19904
10619
5638
3298
32708
14831
18279
19908
17998
12800
18027
15444
21521
10146
1799
6973
17751
22790
21874
12656
675
5302
28133
4817
13973
26593
16800
24879
23311
1779
3373
6522
8598
9321
9192
16688
15099
10724
5311
2073
16954
1916
3127
12852
20130
3414
6063
24049
28982
889
11753
31392
8532
29661
8390
810
23700
23237
23633
20735
32243
12623
5887
6991
4145
1610
22326
30333
8055
6471
29195
26577
20029
11251
26448
24941
12651
32164
16078
14978
14270
9521
19151
30659
8302
15623
29664
30746
17678
5497
29140
22938
15027
24920
5644
10934
3672
4292
2806
15280
8321
20033
11476
9300
25631
21006
24511
20965
1204
32690
1771
12632
14263
471
300
18880
15674
22619
20153
23306
21450
3237
17457
21738
9111
53
28379
14869
25813
2431
3634
17329
17761
21242
18081
22793
20904
12404
29067
12166
25797
24232
11918
9947
25577
24850
6665
13695
18688
29186
19675
31072
16529
14576
2414
16598
24294
15119
14837
8149
12398
14884
9201
25960
10591
30105
29946
1370
14495
461
3260
18998
485
10671
10304
25459
796
3723
21101
9192
10504
31268
15822
1158
5931
5890
27541
16197
9962
781
17376
5727
25068
28763
828
7101
31683
18503
8551
3246
3790
1219
5467
5599
8285
13295
6791
5000
12311
23018
23392
8675
22169
9447
9496
4578
14176
10116
2221
5665
18921
3416
3366
15386
15894
32203
22298
1432
32724
8491
26993
13934
7675
31740
25454
10856
6262
5263
24558
18306
22947
5846
23018
24664
24316
27254
14915
6878
21752
28446
29375
12113
10796
21271
19022
4973
23990
14365
16019
26081
3291
6766
7839
11776
1007
11808
17152
17337
22133
9911
1786
29641
17032
7415
26388
13359
25466
1783
26839
31968
30650
30327
12242
6333
15867
4467
25569
706
11666
30969
19631
9088
3616
4663
18042
717
12914
26072
29718
16826
23205
2449
21045
28869
398
18422
4069
5712
6489
31379
20570
31058
31599
19000
14830
1101
3998
18836
30310
21632
28276
7685
2167
18781
747
10927
6793
10301
28492
29132
10938
10323
14669
8258
14374
31454
380
30587
21862
9123
18913
2417
17494
13723
4063
31496
32539
18409
15708
16545
21093
14094
13602
2284
27890
1632
32388
18941
2132
30137
21572
9379
3827
8044
6836
4597
25429
12925
284
3885
11421
7441
21084
15290
19538
15139
14546
7568
24930
23929
31102
32707
31847
15574
27236
8020
26920
11634
10290
6731
12643
9895
20259
21765
15562
29421
15139
18896
12875
7176
4916
30389
32404
26496
9232
23957
9175
30546
19984
19064
14026
25317
2636
21537
11507
23615
19204
19174
24610
13689
15167
2494
27455
23152
8625
23964
17477
4798
27362
30459
14223
8169
7821
6586
10323
3033
17478
32555
14956
15248
31584
7783
18780
6677
18958
20196
20625
28593
26568
31049
10471
14686
1777
19072
16239
5245
25014
7437
10607
4807
3641
3231
14761
2694
24047
26597
31456
14085
19526
29859
13209
15685
16524
14853
22303
26865
9996
17715
1993
13716
9594
7205
3711
30730
28305
21177
27515
15413
30970
30211
25677
10993
7536
16868
13090
3145
24610
21726
15173
14827
26968
22054
26342
5593
29018
16891
4635
22882
9102
20535
10020
20561
15584
10532
20467
21604
26982
23696
24812
7423
9540
20260
24809
14114
9422
4593
21121
14745
2029
22604
8842
2418
23748
32732
24540
17076
13715
24305
8280
6478
21979
19735
14121
17998
15043
6636
8266
21843
698
26158
17736
26181
30814
4888
32586
14147
17564
15343
31310
2781
3097
28120
23989
16004
31697
4588
24066
9534
2303
15758
7135
31391
26684
23804
29793
500
32746
27685
9868
9665
22995
12731
29210
11118
22542
12424
4984
20285
12579
17157
16658
23679
30574
5417
3536
5640
12233
28799
21728
736
15205
3707
4791
29499
6393
25870
20306
20907
16671
8568
32194
5269
8698
17758
29927
25570
32285
6684
25980
18166
12968
28252
29011
28390
10420
20968
18402
28901
30194
17340
27647
1280
28814
1632
1768
7436
14938
3700
27782
26588
1832
16268
13555
5303
8823
27455
3897
27400
30803
18043
12637
2648
9590
18715
2460
26234
21171
11196
5364
21509
24469
30668
32486
14600
8259
24035
28283
13816
12966
18007
9349
23277
11982
20491
20263
15630
13970
12679
13975
74
10359
12366
10019
10570
31188
8811
15474
19363
31795
11854
29197
26703
4601
15574
7453
4190
5706
20911
13175
8169
31783
15838
981
9544
26841
24730
17254
18564
19859
27230
5258
18191
17491
22076
27350
22451
13321
3444
28767
2761
32763
26949
20533
31403
18024
1795
2605
24684
29291
8810
13284
24774
9507
27186
19200
9555
14865
739
31929
5632
27329
11243
1689
18112
21933
15086
5247
28029
27742
24925
16362
29780
3284
28746
5236
31745
18984
3707
15773
25240
10352
5309
16842
8823
20451
1146
28302
7544
31550
19598
23079
10347
9574
20567
7756
27331
14926
25867
12326
26255
20251
14671
31132
15532
9606
23301
6099
313
32386
20325
25333
13388
31
29007
9010
13027
12975
2527
5893
13342
22823
22339
11961
9899
10440
30153
8491
641
9214
24380
15825
25297
7304
29809
8187
31801
8409
17693
10073
17212
22718
2537
22974
22255
5442
1225
4643
1012
6095
15241
8431
29612
21653
16553
16758
23465
13359
32362
2239
16738
6276
14377
12682
9771
10476
13804
27025
12132
10645
20027
1039
7920
25124
16945
13695
12265
22431
8146
15526
11153
23946
7839
7379
19084
16976
10856
19814
13901
6885
4194
655
16079
29098
633
29528
6277
23697
25831
16614
13971
16001
6662
25339
5438
14332
16482
15808
2209
2815
5907
17602
25506
30249
31818
20282
2853
19232
14889
401
18816
17457
5592
28707
30254
23862
21717
24388
17863
13245
11403
17536
22063
12902
20519
27943
19214
2957
4263
28170
3713
18217
17203
16511
2576
26612
25009
12459
27615
27597
6548
256
19496
11098
15604
26372
18152
23793
18916
17748
24025
16057
31744
18153
13985
11276
7237
16283
2377
8736
806
30179
21232
30695
219
14821
8385
19763
8189
28078
1826
29982
30288
25274
6446
24489
30688
12473
29798
18083
79
27026
13475
8653
1645
20137
25680
9787
11785
27486
15573
21757
11271
14550
19286
23807
12467
12029
19870
21550
19541
26315
23382
3036
518
12743
12155
1126
31937
19146
9743
17428
6845
1030
16910
5440
17146
5702
20387
28603
14618
30071
30364
4460
25459
20072
20764
2618
14178
4558
23183
16173
16354
12427
19171
10447
29277
27952
12790
20697
17858
26304
26442
21259
16343
16567
8704
25948
27857
3146
19716
11091
29986
22257
27525
22709
17810
547
8616
26464
32145
18528
13693
25719
6091
4981
7218
6335
254
2044
26502
4169
4360
27170
10113
17746
6725
16301
5218
29287
791
21309
5338
20429
7622
31953
29815
16415
12939
21390
24163
12345
28647
11452
28750
11861
13625
3090
31145
31860
27536
26931
15125
8704
24766
28280
14875
16559
22702
5360
32029
12458
18679
16805
17292
10223
29360
18465
3676
28915
20103
30257
3253
29836
32525
3305
16620
6927
15700
19176
29105
18613
29628
27614
15242
31044
31498
16715
22144
16107
11706
18569
25623
10349
17815
25100
22916
21122
14216
3561
23067
10362
429
20885
5639
6179
8106
10991
317
15597
6467
13441
30387
17996
24362
24323
7116
7518
27156
25633
6167
3534
20498
22143
30010
30200
17439
29433
15145
16973
13301
5935
7324
14329
30758
321
18367
21188
19047
15575
12075
14902
30255
24933
24341
4607
30593
1453
12997
10646
31749
3205
32330
20255
31326
11994
109
18834
21432
26357
12515
15898
13216
8445
16071
1211
8729
21693
21319
12344
31724
27816
27805
19764
17727
7706
25921
7319
2665
5857
31580
19763
17157
9212
27776
30888
27461
13730
31127
26500
18314
25735
26394
24751
1585
23642
19844
2055
13231
20370
19973
4167
13536
22634
32634
17453
15260
27434
10141
10972
27020
15785
5241
19327
5435
18448
10786
21551
25968
17120
30882
10263
14012
17975
28214
6357
32591
28239
31163
20260
9487
10567
12643
9912
31212
4646
20908
362
21101
32029
10387
21909
27279
6412
16644
31680
3280
19016
25238
32637
12167
8860
14709
30608
31862
6797
15007
10580
30370
28642
6228
31579
12899
19812
23239
31573
21431
8163
28954
31539
18139
15481
20105
2444
26397
15379
26598
18751
2028
12332
9541
27738
5169
5340
7160
22074
14306
9234
9406
10484
18387
28189
8759
16884
23504
23410
2971
27108
20202
31657
4012
15312
6670
17864
25577
1927
15580
11716
5125
13124
10421
13125
26007
24717
25110
19882
9235
22620
19493
22861
26873
637
21130
27144
13388
27703
25984
9976
26950
8750
31788
4992
842
24968
4397
27025
5914
25679
19828
26921
29770
19734
21846
16666
31477
30176
27615
29965
31150
9789
24682
25798
10169
29878
31342
22698
3964
22379
22427
14206
32048
10235
28710
18801
17884
7844
13665
11357
31364
2220
32398
23882
23453
15871
14325
31540
8389
6681
2100
9998
26801
31782
24535
9478
25959
4712
10024
8971
6317
29914
32328
18572
13505
21267
17279
29571
30026
14700
21457
18099
1167
12645
14802
27949
16615
16709
16059
14105
30320
3841
4540
29619
24836
10847
31124
11412
2665
16987
17504
9779
22728
18890
27056
18859
24929
20285
4832
23487
21372
3112
32166
9499
4003
28484
27879
28636
16142
9777
7119
32339
32607
27232
26400
24326
30352
5424
8394
16888
25385
16215
16829
13099
31926
28548
28155
24162
14456
7235
32497
16427
18011
1312
2055
26653
23080
9999
2422
12383
5372
20491
17753
3690
8953
5630
27400
24847
24891
13537
3233
24507
8205
6180
4839
3834
21853
4944
9040
24122
21358
3563
11353
21202
22477
9884
3101
25666
1670
4495
1318
28092
9623
13851
30083
22756
11429
20386
1050
26069
31982
5561
14400
13412
21887
12169
12167
29352
22439
30325
26071
21690
12203
19454
17345
14777
13755
1763
26383
8721
6949
15244
22944
23293
30665
25512
10867
843
19405
10518
7425
19808
18834
22529
25296
8827
31718
15440
4933
2878
7291
28221
21946
362
11927
21059
29136
3818
12814
20542
14854
24083
622
1486
1163
7978
13945
30716
9809
26406
5080
2080
9315
27576
27405
12290
3960
16521
28586
18751
15816
31171
24768
25582
22302
22482
5531
28804
26415
24684
17068
16629
27178
2254
2759
9500
1936
21833
12431
9821
28486
4606
31790
9865
3305
2278
10569
26113
1377
22805
28978
13599
12985
21311
1376
21713
4653
32635
3613
19079
22661
12359
383
11088
8354
18124
26265
8767
26711
3172
22770
13844
20346
17754
24631
4632
19770
24817
28716
22089
20402
27303
9448
12983
31167
8378
3906
21038
29455
21484
9607
22549
32379
29827
11374
30102
19095
28821
11341
23040
12423
18306
18060
617
21780
30402
32602
11415
24575
9185
20384
28961
15764
10183
4915
18641
7811
24381
10062
333
10732
25773
19775
25846
5561
5929
9568
6673
6448
4783
22089
32037
28104
32172
13380
31395
21052
20414
32002
11212
17375
30142
31628
15056
25135
30462
10363
21043
12460
32719
6764
7029
10987
30023
23215
4338
24294
30273
29247
9991
406
28068
17143
4214
12740
6633
258
8716
23836
11735
24724
6529
31619
28305
19415
19359
5290
29395
13609
32166
17379
26489
22916
28144
11828
32065
1853
20433
7850
25553
15602
16065
15600
30204
13502
27837
4640
31553
12206
4074
20441
8852
5497
21372
3474
6754
15467
20438
28718
27087
28067
19954
28624
28482
31102
23044
12272
10275
28755
26970
7599
9699
21345
6023
18535
21565
20997
16064
10375
29884
26417
28550
18590
29566
27417
2950
1205
31031
27951
1981
21474
24184
27218
6623
20506
25650
13122
21754
28743
21878
5976
31062
10394
30334
10100
31649
25891
25841
9526
1864
4767
19811
29297
40
10641
6683
5340
18278
28564
32538
8715
18331
25327
1881
10142
3125
1130
1873
25529
26650
29536
6336
25012
28558
4118
939
20243
18774
6219
14495
7352
6941
29200
16445
16471
5400
6362
17398
10795
24806
24790
5138
17127
30650
1148
20215
1520
9147
12391
3496
3017
12459
356
14732
6350
4039
10441
28529
1062
29423
11016
5072
2803
8967
27779
31826
25547
5533
162
21140
9836
1484
28451
5159
23467
5216
25522
21468
18862
13114
31674
8254
20571
24567
9850
13151
27152
29132
19291
20440
9365
32436
10881
28427
9807
7118
11168
9387
5046
32000
3857
23423
26889
14305
13605
20322
7232
11734
28601
26767
6978
24955
4618
23579
31320
15172
13003
13763
26337
356
21621
12008
12872
1773
26591
30424
2356
22073
23822
20559
11006
23178
13902
10302
13672
19693
20865
2506
22668
26724
23480
5016
1810
10563
8960
21064
30374
7131
14975
9279
1193
32342
9407
2730
21287
14818
30793
3007
12810
30482
12918
2630
10381
20864
11394
13913
13043
28344
26338
31592
2168
31825
7895
3968
32136
22877
25156
1996
22063
28420
5565
5724
7377
31851
8416
21797
20763
23003
13544
16969
825
30495
24959
20889
12105
6445
27604
14168
27920
6921
7150
20546
18412
13799
29760
19149
21258
5264
1917
30127
19929
13830
24749
22432
27839
25451
12673
29793
6666
15647
15075
25341
17193
9001
9170
6479
1564
31960
12909
4292
21289
9129
6989
10339
22225
30060
23320
26634
16386
20899
20051
2298
13966
1579
31608
26517
5596
28446
17225
16999
16350
19959
27491
27236
7234
7159
14102
18544
6125
23496
628
23589
14501
11873
5032
6096
6413
12073
5770
15804
24791
23391
30320
8884
3381
2233
2630
31171
7568
12107
18145
3390
30845
2731
27536
2308
7405
22099
23796
14853
29603
10566
8722
26369
21740
13559
14247
9874
5770
27494
11707
22125
13809
20620
17273
6117
29366
31481
30014
30129
27972
1980
12528
5870
7633
1411
9361
9064
14224
6915
23316
15637
19496
27802
7023
13026
17254
1331
15857
20658
31534
18027
27606
28836
9144
9202
32025
12693
11257
11827
26761
30439
21086
12343
31263
5504
11712
25798
17295
21013
17045
1744
31517
5288
30819
16652
15538
30031
891
16607
24879
1592
5859
28799
24577
32490
29332
7256
28406
11469
8677
1967
21582
19693
32328
13445
7958
13051
18996
25278
14769
24981
30818
2690
2744
30662
29500
21988
6148
6097
30867
24001
24584
11050
23952
11755
23908
10182
20205
21639
26808
14996
24932
180
27830
31564
1640
29806
8316
3431
14612
19889
15392
21102
30561
27361
23436
4472
23451
28265
908
14319
27158
9635
32037
6034
26397
22264
31529
17856
18731
15176
15880
32755
7006
9867
10729
14731
25640
9145
761
14029
25672
2024
17411
22827
16888
16564
17218
197
29800
25060
6515
10033
876
13899
32557
6007
28529
22507
5237
26464
21942
4961
18062
5617
9401
6781
18446
29490
29935
18992
20279
13620
22967
1963
3715
24145
16017
30917
7041
22710
9355
7069
14304
27423
21501
385
12489
27362
22134
12559
18547
20271
19702
29594
24049
2454
30302
4560
18254
18377
31268
17305
4571
676
19275
22338
7368
32362
14227
21466
16882
8274
30445
6876
252
15682
20273
19727
24737
17882
8211
30379
31304
29620
27476
18109
25561
23530
11573
21964
27600
2777
6449
16317
23440
3365
3819
5364
13305
2558
23398
26300
6204
21153
6772
29417
23278
2849
19569
12988
24924
20583
29744
20742
20767
32631
20790
19344
15344
502
2598
17339
15805
17385
23421
16996
16636
14016
7807
29450
23871
1427
15474
6707
1032
24235
25097
19211
28639
30276
1827
8271
2467
9873
7862
31849
14366
20737
773
5341
19931
25793
29210
19683
2364
11906
11888
9045
23239
21884
6128
14284
26049
10675
20766
11015
28414
10105
17557
24204
11767
21556
7857
22417
13341
22625
3979
18716
24173
31449
26922
2410
1349
24915
28151
30350
24182
14891
25458
3674
17818
13154
15652
15746
24232
25317
29652
10751
18117
1042
23806
31922
18269
11896
5761
28234
16243
27102
23192
7015
14133
17287
20491
25599
20948
18613
10919
23042
4498
2668
12267
825
8733
3704
29700
29300
7451
20914
25340
31716
32006
16254
27182
2246
12858
17048
22013
20033
3660
21265
14277
27538
31134
9620
26642
13158
10032
24558
30992
9351
15033
30413
11587
21947
5367
6344
18040
22762
14915
19104
16636
22910
1896
6342
20235
31247
10421
541
10379
13632
1873
0
763
17892
8399
20359
17830
23142
32002
24582
19996
5991
13843
2775
22754
11688
18128
30810
25193
1835
4935
22073
5181
20373
24468
17137
4735
23511
10487
4750
15765
13581
5418
20661
15392
19110
27633
9192
24878
4038
20210
30214
17074
2024
9159
1553
5169
1736
25682
18228
6589
10112
18768
12549
18215
16113
817
25863
24433
19812
29992
19827
10370
13169
9854
6456
1821
11809
24107
14656
5908
24143
7335
17141
5049
24404
26622
23556
9366
12515
7715
4960
25182
30769
16774
19339
10275
23641
29672
6673
1224
512
4974
16469
24762
27188
11765
8591
11227
14490
16038
23062
10175
9417
27082
23515
8731
6897
10975
13366
13178
20416
10475
24294
22066
19334
9488
19027
27031
12439
14177
28949
30062
16625
19956
11450
16805
26398
8760
9668
5697
18012
6281
1266
14231
5628
15874
18881
29375
19464
22675
27185
20038
23336
15699
8140
13091
1990
24855
1509
8684
6257
22339
27934
18506
25983
13024
2093
2731
3063
32239
21983
22070
18350
15101
27740
20228
14511
9464
2478
11917
6112
8513
3453
26208
7907
6146
16412
23320
10043
9922
2762
19339
17584
24887
1329
14404
24308
5211
31795
24372
3718
16322
21990
8100
16599
14634
30429
23150
26540
11860
3242
8813
14275
30994
24992
20786
15033
31138
7646
21496
14379
27450
6537
17626
14876
26340
9304
9284
12438
2188
26198
18088
30868
27223
15843
19058
18976
27191
16124
10813
20921
28093
14269
16199
30967
6190
24100
18466
8818
9944
2840
18349
23775
26534
9898
20547
20860
32243
10650
3890
29103
27036
22557
11375
10217
1113
6621
21128
4049
26957
4930
29401
31135
31451
25584
6659
15557
31420
11921
26778
7637
26702
19924
1054
19359
6447
23221
5165
14233
16395
26624
8182
19845
21938
5904
24561
20045
6254
27101
22478
21042
5523
30262
19627
13861
29015
24138
27529
30837
24804
12909
13313
18603
2732
8217
31539
20147
16637
4659
6912
27964
19157
9872
8569
864
12023
7352
5270
29064
13630
8682
7724
25994
4658
7776
13337
12821
28889
26579
4289
13647
20176
32066
4031
4796
24217
12272
17108
17506
25655
23980
21283
18219
16376
8276
673
26250
7059
5788
25031
27489
28018
10764
3466
12835
18001
30280
2444
27702
7432
13716
2708
4251
3237
22167
17724
16336
14526
8031
5353
7925
19462
422
3840
28207
17693
1108
22103
24138
1453
26181
17130
27042
22450
24139
12752
13379
23833
7287
4461
14159
7565
28820
32232
15264
9870
14837
479
26543
29123
1137
20314
25780
1425
30379
1278
24335
1004
30103
21380
26087
7021
8505
5993
28177
3749
3760
15078
31795
17842
25460
29730
14889
7695
13788
13223
31655
27825
22243
22290
30240
26191
26923
29711
12263
25089
26946
20357
27285
10764
2853
21774
3242
20220
4354
8874
20087
12532
32578
31924
11835
13123
20935
15893
28556
20023
5746
6327
10744
29494
4329
14909
10989
30474
19351
10481
11990
30333
14836
27901
13703
26918
20486
23007
30171
22146
13096
3095
13467
24903
26634
28450
674
7412
8697
24492
9791
25005
5984
15874
13275
4678
32655
1222
6620
2206
7612
14310
9161
7214
32071
16334
14510
30433
17219
1245
22722
11302
14641
24342
7751
17988
29966
11801
17842
15855
17041
11601
268
4120
12718
22638
6808
26121
28254
29718
10934
944
17826
3799
25863
28731
31685
3681
16594
3302
22498
7410
166
3601
2215
2833
23873
2710
18008
31103
22449
5465
22039
24427
30393
5409
21090
16613
29558
20134
23773
10645
6466
21739
7506
16301
23769
21453
12790
796
28347
26844
29934
3333
19665
32363
15121
25455
5970
23779
28656
13630
11496
26205
13075
4706
21007
12399
23174
29774
26558
28741
32405
10923
30026
27892
29395
78
2439
27660
20577
11368
14128
19564
30060
25597
12425
17243
7672
8088
17986
28628
31196
26940
19871
14368
25614
18077
12758
9643
7969
5008
13497
13072
15116
24769
8852
16502
2093
10916
32089
8735
15246
31918
25338
32062
10342
21700
13079
26377
13027
23284
14297
31248
24614
16739
22046
21965
10128
24710
2262
15484
26940
25493
11180
17197
11724
6461
22762
18455
4969
15510
24214
9007
3077
19028
3809
17657
20707
13889
28611
14238
12122
5355
3551
13888
4822
3481
30380
20106
28703
10372
7638
16523
30174
19780
12770
4292
9821
1417
9234
127
16014
22539
26504
24675
3663
20420
11181
28998
9708
860
5588
18242
31973
12517
15899
25355
30194
16840
29586
30079
25669
19199
2976
383
30223
23941
16546
20478
10309
15115
25556
27223
10148
17133
26229
3812
17139
11108
32294
21452
21128
23293
26772
27676
14605
30282
4694
17178
24964
30167
9497
25046
24201
22623
16634
21249
3799
17728
25907
30978
27406
13101
19450
2631
24756
26403
15782
10201
24185
24478
7956
16948
30143
12
16201
16469
13657
4226
10328
7444
8595
26030
30598
28340
28019
17677
173
3257
22847
22877
16606
18425
23103
19286
25674
26870
28612
21141
25443
26731
18794
21209
31550
5669
8857
22897
1340
8724
30546
3829
29161
15266
30248
28981
27428
15171
21388
26991
24961
2638
25166
4805
2283
