10000
0
2
7
9
12
20
22
22
31
31
36
37
40
41
45
45
46
52
53
54
54
57
59
61
72
74
74
78
79
79
84
87
90
101
102
109
111
112
118
119
125
127
130
160
162
166
167
173
173
180
180
183
184
191
191
197
200
203
205
205
206
219
227
231
239
241
251
252
254
254
256
258
261
268
275
284
289
300
306
310
311
313
313
313
315
317
321
327
330
333
342
344
348
356
356
362
362
363
365
373
373
380
383
383
384
385
385
398
400
401
406
406
410
417
422
429
434
436
439
449
452
461
461
471
473
479
484
485
485
492
494
497
497
500
500
502
508
509
512
518
518
519
532
541
547
553
558
564
565
569
577
583
584
585
594
598
600
603
609
615
615
617
620
620
622
628
628
628
631
633
637
641
644
647
648
648
650
654
655
655
658
662
673
674
675
676
686
690
693
697
698
698
700
706
712
717
723
734
736
739
747
747
754
756
760
761
762
763
773
775
781
784
791
796
796
796
798
801
801
806
807
810
813
817
820
825
825
827
828
834
835
842
842
843
844
850
850
851
856
860
864
865
867
868
869
873
876
877
884
889
891
898
902
908
908
912
916
917
920
924
925
928
929
929
939
943
944
950
963
966
980
981
983
989
996
1004
1006
1007
1012
1023
1027
1028
1030
1031
1032
1036
1036
1039
1042
1050
1050
1050
1054
1056
1057
1059
1062
1073
1073
1075
1087
1089
1099
1100
1101
1104
1106
1107
1108
1111
1111
1113
1116
1119
1121
1126
1129
1129
1130
1133
1135
1137
1138
1143
1146
1148
1152
1153
1158
1159
1163
1167
1171
1177
1179
1180
1180
1185
1190
1191
1193
1198
1204
1205
1210
1210
1211
1219
1221
1222
1224
1225
1227
1238
1239
1242
1245
1252
1265
1266
1273
1273
1277
1278
1279
1280
1284
1285
1294
1294
1295
1305
1312
1313
1315
1315
1318
1318
1322
1329
1331
1333
1334
1340
1349
1356
1358
1361
1365
1369
1370
1376
1377
1377
1377
1379
1382
1386
1389
1390
1393
1395
1396
1404
1407
1411
1411
1416
1417
1417
1420
1420
1425
1427
1430
1432
1433
1434
1445
1446
1446
1453
1453
1463
1472
1476
1477
1477
1484
1486
1487
1501
1503
1505
1507
1509
1520
1522
1528
1535
1545
1547
1551
1553
1554
1555
1561
1563
1564
1565
1565
1574
1579
1584
1585
1592
1592
1595
1599
1607
1608
1609
1610
1620
1620
1621
1632
1632
1635
1640
1645
1651
1666
1666
1667
1670
1680
1681
1689
1689
1689
1690
1693
1694
1694
1698
1698
1702
1704
1707
1708
1710
1736
1742
1742
1742
1744
1745
1752
1763
1766
1768
1769
1771
1773
1774
1777
1779
1783
1784
1786
1790
1795
1796
1797
1798
1799
1805
1805
1810
1816
1818
1819
1821
1822
1825
1826
1827
1827
1832
1834
1835
1835
1838
1840
1840
1841
1842
1847
1847
1853
1856
1858
1860
1860
1864
1873
1873
1877
1881
1885
1889
1893
1896
1908
1908
1913
1914
1916
1917
1927
1928
1933
1936
1941
1942
1944
1953
1962
1963
1965
1967
1969
1970
1980
1981
1983
1989
1990
1993
1996
1996
1998
1999
2000
2000
2000
2002
2008
2012
2019
2024
2024
2028
2029
2031
2031
2033
2033
2042
2044
2049
2055
2055
2060
2064
2064
2065
2068
2073
2078
2080
2080
2087
2090
2093
2093
2095
2098
2100
2100
2125
2132
2139
2146
2148
2155
2162
2167
2168
2188
2192
2195
2201
2202
2206
2208
2209
2215
2215
2217
2220
2221
2223
2226
2228
2229
2230
2230
2233
2239
2240
2243
2244
2245
2246
2246
2248
2254
2255
2257
2262
2269
2276
2278
2283
2284
2284
2287
2287
2294
2298
2303
2308
2309
2310
2315
2316
2319
2326
2328
2342
2346
2349
2356
2364
2371
2371
2374
2377
2378
2382
2383
2390
2397
2399
2403
2410
2414
2416
2416
2416
2417
2418
2418
2422
2423
2429
2430
2431
2436
2439
2444
2444
2444
2444
2449
2450
2450
2452
2452
2453
2454
2460
2460
2467
2467
2470
2472
2472
2475
2475
2478
2480
2481
2481
2487
2494
2499
2505
2506
2515
2523
2527
2533
2537
2537
2539
2551
2554
2556
2558
2562
2565
2574
2575
2576
2576
2578
2583
2584
2586
2587
2589
2594
2595
2598
2598
2598
2598
2605
2611
2612
2616
2618
2624
2626
2630
2630
2631
2631
2632
2636
2638
2648
2648
2650
2651
2651
2652
2653
2658
2659
2663
2665
2665
2668
2668
2674
2675
2678
2678
2679
2680
2683
2685
2690
2694
2700
2705
2708
2708
2710
2722
2725
2726
2729
2730
2731
2731
2732
2738
2739
2743
2744
2753
2757
2759
2760
2761
2762
2766
2775
2776
2777
2777
2781
2782
2784
2791
2793
2796
2803
2806
2807
2812
2815
2822
2825
2825
2828
2833
2840
2844
2849
2853
2853
2857
2861
2868
2874
2875
2878
2886
2891
2898
2903
2910
2911
2911
2912
2917
2922
2924
2945
2947
2949
2950
2957
2959
2964
2971
2971
2972
2973
2974
2976
2977
2981
2982
2990
2999
3000
3005
3007
3009
3014
3017
3017
3023
3024
3033
3033
3036
3037
3038
3041
3063
3065
3069
3072
3077
3077
3080
3086
3090
3091
3092
3095
3095
3097
3100
3101
3107
3108
3110
3111
3112
3113
3124
3124
3125
3126
3127
3129
3133
3136
3136
3143
3144
3145
3145
3146
3150
3169
3172
3173
3177
3180
3191
3192
3197
3205
3218
3219
3222
3226
3231
3233
3237
3237
3238
3242
3242
3246
3246
3253
3257
3258
3260
3279
3279
3280
3283
3284
3287
3291
3293
3298
3300
3302
3305
3305
3305
3307
3311
3316
3317
3325
3330
3333
3335
3345
3358
3361
3365
3366
3367
3371
3373
3373
3374
3377
3380
3380
3381
3381
3387
3387
3390
3395
3395
3403
3412
3413
3414
3415
3416
3418
3419
3420
3431
3432
3436
3444
3448
3450
3453
3453
3454
3461
3466
3471
3472
3474
3475
3477
3481
3488
3489
3490
3492
3494
3496
3499
3502
3503
3503
3506
3507
3507
3508
3522
3526
3526
3529
3534
3534
3536
3544
3546
3547
3548
3549
3551
3551
3556
3561
3563
3567
3567
3570
3571
3580
3585
3589
3598
3601
3603
3603
3605
3605
3606
3613
3616
3616
3618
3619
3624
3634
3635
3637
3638
3639
3641
3644
3646
3647
3649
3651
3655
3657
3660
3663
3664
3672
3674
3674
3675
3676
3676
3677
3679
3681
3681
3683
3690
3694
3697
3697
3698
3700
3704
3707
3707
3709
3711
3713
3713
3715
3717
3718
3723
3723
3735
3738
3749
3750
3760
3760
3766
3769
3788
3790
3794
3796
3799
3799
3800
3800
3809
3812
3818
3819
3824
3827
3829
3833
3834
3838
3840
3841
3842
3843
3844
3857
3872
3885
3890
3893
3897
3902
3906
3907
3925
3935
3935
3946
3947
3954
3956
3960
3963
3964
3966
3967
3968
3972
3979
3980
3983
3992
3994
3998
4002
4003
4008
4010
4012
4014
4022
4029
4029
4031
4031
4033
4038
4039
4039
4043
4043
4045
4047
4049
4057
4060
4060
4063
4067
4069
4073
4073
4074
4078
4081
4099
4099
4101
4111
4115
4118
4120
4126
4130
4133
4144
4145
4159
4164
4165
4167
4169
4169
4170
4170
4171
4179
4179
4180
4182
4184
4190
4191
4194
4214
4215
4216
4224
4226
4243
4244
4250
4251
4252
4259
4262
4263
4274
4277
4285
4289
4291
4292
4292
4292
4293
4297
4299
4301
4301
4306
4307
4308
4311
4317
4320
4326
4327
4329
4334
4337
4338
4338
4343
4344
4345
4346
4347
4354
4357
4360
4360
4389
4396
4397
4402
4403
4406
4407
4410
4411
4414
4422
4443
4450
4450
4460
4461
4461
4467
4472
4482
4486
4486
4488
4489
4493
4495
4498
4498
4499
4505
4510
4511
4516
4531
4536
4540
4558
4560
4562
4571
4572
4573
4577
4578
4580
4588
4592
4593
4595
4597
4597
4601
4602
4604
4605
4606
4607
4612
4618
4632
4635
4636
4640
4643
4646
4647
4652
4652
4653
4655
4655
4658
4659
4663
4665
4672
4678
4688
4689
4692
4694
4698
4700
4701
4703
4706
4706
4711
4712
4721
4723
4728
4733
4735
4737
4739
4750
4761
4764
4765
4766
4767
4783
4791
4796
4798
4800
4802
4804
4805
4807
4814
4817
4818
4819
4822
4823
4826
4832
4836
4839
4842
4845
4849
4853
4869
4883
4884
4887
4888
4888
4889
4891
4896
4905
4906
4906
4915
4915
4916
4920
4922
4924
4930
4933
4934
4935
4936
4944
4952
4953
4953
4958
4959
4959
4960
4961
4962
4964
4969
4972
4973
4974
4981
4984
4985
4986
4990
4992
4993
4994
5000
5002
5005
5008
5016
5018
5032
5033
5034
5040
5041
5046
5047
5049
5056
5056
5060
5071
5072
5075
5079
5080
5089
5095
5096
5102
5106
5113
5118
5120
5125
5127
5130
5132
5133
5136
5138
5159
5165
5166
5169
5169
5175
5176
5178
5179
5181
5181
5191
5194
5197
5199
5201
5205
5205
5207
5210
5211
5216
5218
5222
5224
5227
5236
5237
5241
5245
5246
5246
5247
5248
5257
5258
5261
5263
5263
5264
5265
5269
5270
5270
5273
5282
5283
5288
5290
5294
5295
5298
5300
5302
5303
5308
5309
5309
5311
5321
5323
5324
5324
5330
5337
5338
5340
5340
5340
5341
5343
5344
5350
5353
5355
5355
5355
5357
5360
5362
5364
5364
5366
5367
5369
5372
5374
5375
5380
5380
5387
5389
5394
5400
5406
5407
5409
5410
5417
5418
5424
5428
5431
5433
5435
5435
5438
5440
5442
5442
5445
5450
5453
5457
5462
5465
5467
5477
5479
5481
5481
5483
5485
5488
5497
5497
5502
5504
5505
5517
5520
5523
5523
5525
5531
5533
5534
5535
5535
5557
5558
5561
5561
5563
5565
5565
5573
5574
5580
5582
5587
5588
5592
5593
5594
5596
5598
5599
5600
5608
5612
5617
5621
5621
5622
5625
5628
5630
5632
5633
5634
5638
5638
5639
5640
5644
5648
5651
5654
5658
5662
5665
5669
5671
5674
5685
5696
5697
5699
5702
5705
5705
5706
5710
5712
5715
5716
5719
5720
5724
5727
5727
5732
5737
5741
5746
5747
5750
5754
5761
5770
5770
5774
5788
5795
5816
5817
5823
5824
5824
5825
5826
5829
5831
5832
5835
5836
5838
5841
5846
5849
5853
5853
5853
5855
5856
5857
5859
5862
5863
5865
5865
5870
5871
5873
5877
5880
5887
5890
5890
5893
5896
5897
5904
5907
5908
5914
5914
5923
5928
5929
5931
5935
5938
5948
5952
5954
5956
5958
5960
5967
5969
5970
5970
5971
5976
5978
5984
5988
5989
5991
5993
5993
5994
5997
6007
6012
6013
6014
6016
6023
6026
6029
6030
6032
6032
6034
6044
6057
6063
6063
6064
6070
6075
6091
6092
6095
6096
6097
6099
6101
6106
6109
6112
6117
6125
6128
6136
6141
6146
6148
6153
6162
6167
6167
6170
6174
6178
6179
6179
6180
6184
6188
6188
6190
6202
6204
6205
6206
6218
6218
6219
6219
6224
6228
6229
6232
6235
6236
6240
6241
6253
6254
6256
6257
6262
6264
6265
6270
6270
6271
6276
6276
6277
6281
6281
6284
6299
6304
6305
6308
6310
6313
6314
6317
6327
6332
6333
6335
6336
6338
6340
6341
6342
6344
6344
6345
6349
6350
6354
6357
6358
6359
6362
6370
6373
6375
6384
6388
6393
6393
6400
6412
6413
6416
6418
6421
6426
6435
6441
6445
6445
6446
6446
6446
6447
6448
6449
6450
6453
6456
6461
6463
6466
6466
6466
6467
6469
6471
6471
6471
6478
6479
6489
6489
6503
6507
6515
6520
6522
6526
6529
6533
6537
6548
6550
6559
6561
6576
6580
6586
6589
6589
6589
6595
6595
6596
6604
6605
6609
6620
6621
6621
6622
6623
6623
6628
6631
6631
6633
6636
6646
6651
6652
6659
6662
6663
6665
6666
6668
6670
6673
6673
6677
6681
6683
6684
6694
6696
6700
6701
6707
6707
6712
6720
6725
6731
6743
6746
6746
6754
6754
6756
6763
6764
6765
6766
6772
6775
6781
6790
6791
6793
6797
6803
6804
6804
6808
6811
6814
6825
6831
6836
6836
6840
6845
6867
6872
6873
6876
6877
6878
6880
6884
6885
6887
6887
6888
6892
6892
6897
6900
6907
6911
6912
6914
6915
6921
6921
6923
6926
6927
6927
6929
6933
6938
6940
6941
6947
6949
6949
6950
6959
6964
6964
6967
6973
6975
6976
6978
6984
6986
6987
6989
6989
6991
6991
6996
6999
6999
7000
7006
7008
7015
7019
7021
7022
7023
7025
7029
7029
7029
7030
7031
7034
7041
7042
7045
7053
7059
7062
7068
7069
7076
7084
7088
7089
7096
7097
7101
7104
7107
7109
7110
7111
7114
7114
7116
7118
7119
7120
7121
7130
7131
7131
7135
7139
7144
7149
7150
7159
7160
7161
7168
7170
7172
7175
7176
7177
7183
7183
7185
7187
7194
7198
7205
7205
7206
7214
7218
7223
7225
7232
7233
7234
7235
7237
7244
7256
7258
7259
7273
7275
7277
7283
7283
7284
7286
7287
7289
7291
7291
7295
7296
7297
7298
7302
7304
7311
7312
7319
7319
7321
7324
7335
7335
7352
7352
7354
7363
7368
7370
7370
7377
7378
7379
7388
7388
7395
7405
7406
7407
7408
7410
7412
7415
7423
7425
7426
7429
7432
7436
7437
7441
7441
7444
7447
7450
7451
7453
7455
7456
7457
7458
7459
7467
7486
7488
7490
7496
7502
7503
7506
7518
7520
7529
7530
7536
7544
7552
7558
7561
7565
7566
7568
7568
7568
7571
7575
7575
7576
7586
7586
7592
7594
7595
7596
7596
7598
7599
7606
7612
7612
7613
7618
7618
7620
7622
7624
7626
7628
7633
7637
7638
7640
7646
7650
7652
7653
7658
7660
7665
7672
7674
7675
7675
7678
7679
7683
7685
7692
7695
7697
7705
7706
7715
7716
7721
7723
7724
7728
7729
7741
7747
7751
7752
7753
7756
7756
7756
7757
7767
7768
7771
7772
7776
7781
7783
7787
7790
7793
7804
7807
7809
7810
7811
7818
7820
7821
7823
7824
7835
7839
7839
7839
7843
7844
7850
7852
7856
7857
7862
7866
7874
7881
7891
7895
7897
7902
7903
7904
7907
7909
7910
7920
7920
7920
7925
7925
7935
7937
7945
7945
7952
7956
7958
7958
7963
7964
7964
7969
7976
7978
7982
7984
7991
7991
7993
7996
8000
8004
8009
8011
8013
8016
8017
8019
8020
8031
8031
8042
8044
8055
8055
8071
8074
8076
8082
8086
8088
8091
8091
8095
8095
8097
8100
8101
8106
8109
8111
8114
8133
8137
8139
8140
8146
8149
8150
8157
8158
8160
8163
8169
8169
8174
8174
8182
8183
8187
8189
8195
8205
8210
8211
8216
8217
8224
8224
8235
8242
8244
8254
8254
8256
8258
8258
8259
8266
8271
8274
8275
8275
8276
8279
8280
8283
8285
8293
8301
8302
8308
8309
8311
8316
8318
8318
8321
8322
8341
8345
8354
8371
8372
8378
8379
8385
8386
8389
8390
8394
8399
8399
8399
8401
8409
8409
8416
8417
8417
8423
8425
8427
8429
8431
8437
8444
8445
8452
8452
8458
8478
8481
8484
8491
8491
8493
8503
8505
8509
8513
8517
8518
8519
8525
8526
8528
8532
8538
8544
8551
8555
8557
8558
8568
8568
8569
8576
8585
8591
8593
8595
8598
8606
8611
8614
8616
8623
8624
8624
8625
8627
8628
8630
8632
8633
8634
8635
8641
8641
8651
8653
8659
8661
8663
8666
8671
8673
8675
8677
8680
8682
8684
8697
8698
8698
8704
8704
8704
8711
8712
8712
8715
8716
8716
8717
8717
8719
8721
8722
8724
8726
8729
8731
8733
8733
8735
8736
8736
8737
8744
8748
8750
8754
8755
8759
8760
8761
8765
8767
8767
8769
8770
8778
8779
8780
8792
8797
8806
8807
8810
8811
8813
8817
8817
8818
8818
8820
8823
8823
8823
8826
8827
8831
8834
8839
8839
8842
8845
8849
8852
8852
8852
8857
8860
8867
8870
8873
8874
8884
8900
8906
8908
8912
8914
8914
8925
8927
8929
8934
8940
8943
8953
8959
8960
8967
8971
8973
8976
8992
8996
9001
9007
9010
9015
9020
9020
9022
9027
9028
9032
9037
9038
9040
9045
9046
9052
9052
9054
9059
9060
9062
9064
9070
9071
9077
9085
9088
9095
9102
9102
9109
9111
9112
9118
9118
9118
9121
9123
9128
9129
9132
9136
9140
9143
9144
9145
9147
9150
9152
9153
9157
9159
9161
9161
9167
9170
9171
9174
9175
9182
9182
9185
9190
9192
9192
9192
9196
9197
9201
9201
9202
9202
9203
9209
9212
9214
9219
9221
9225
9232
9234
9234
9234
9235
9238
9239
9243
9244
9247
9247
9264
9267
9271
9272
9273
9275
9279
9283
9284
9285
9286
9300
9301
9303
9304
9314
9315
9321
9329
9330
9330
9336
9337
9339
9340
9344
9345
9349
9351
9355
9361
9361
9363
9364
9365
9366
9366
9368
9368
9370
9377
9379
9379
9380
9383
9384
9385
9387
9390
9395
9400
9401
9403
9406
9407
9417
9420
9422
9425
9425
9432
9433
9438
9440
9444
9445
9447
9448
9454
9463
9464
9465
9475
9478
9486
9487
9488
9488
9490
9495
9496
9496
9497
9499
9500
9507
9508
9519
9521
9526
9532
9533
9534
9535
9540
9541
9544
9547
9550
9553
9555
9567
9568
9571
9573
9574
9576
9581
9582
9586
9588
9588
9590
9593
9594
9598
9599
9601
9606
9606
9607
9609
9612
9612
9620
9621
9623
9628
9633
9635
9643
9645
9648
9652
9655
9658
9663
9665
9668
9674
9676
9680
9688
9691
9697
9699
9701
9701
9702
9705
9708
9712
9713
9719
9723
9740
9743
9751
9769
9770
9771
9777
9777
9779
9784
9787
9789
9791
9793
9796
9802
9807
9809
9816
9821
9821
9836
9836
9837
9850
9851
9854
9857
9857
9858
9859
9863
9865
9867
9868
9868
9870
9872
9873
9874
9884
9889
9895
9898
9899
9900
9901
9904
9905
9911
9912
9912
9915
9918
9920
9922
9925
9931
9933
9937
9938
9939
9942
9943
9944
9944
9947
9950
9954
9955
9962
9962
9962
9971
9976
9977
9983
9983
9983
9985
9987
9990
9991
9995
9996
9997
9998
9999
10002
10004
10007
10008
10010
10014
10014
10015
10018
10019
10020
10024
10032
10033
10040
10043
10043
10060
10062
10062
10067
10073
10073
10074
10074
10076
10077
10079
10080
10083
10088
10091
10093
10094
10100
10105
10105
10111
10111
10112
10113
10114
10115
10116
10119
10124
10125
10127
10128
10128
10128
10131
10131
10133
10135
10137
10137
10140
10141
10142
10146
10147
10148
10151
10152
10163
10164
10167
10168
10169
10169
10171
10175
10177
10177
10182
10183
10184
10186
10190
10191
10192
10200
10201
10201
10202
10206
10216
10216
10217
10223
10235
10237
10242
10244
10256
10259
10260
10262
10263
10266
10271
10274
10275
10275
10280
10281
10290
10292
10292
10298
10299
10301
10302
10304
10305
10309
10312
10323
10323
10324
10325
10326
10328
10329
10330
10332
10339
10342
10347
10349
10349
10352
10352
10358
10359
10360
10362
10363
10370
10372
10372
10372
10373
10374
10375
10378
10379
10380
10381
10386
10387
10390
10393
10394
10403
10405
10406
10408
10414
10414
10420
10421
10421
10426
10427
10440
10440
10441
10445
10446
10447
10449
10453
10456
10465
10467
10471
10474
10475
10476
10481
10482
10483
10484
10487
10487
10489
10490
10496
10503
10504
10513
10514
10518
10519
10524
10530
10532
10535
10539
10541
10545
10549
10563
10566
10567
10569
10570
10576
10580
10580
10588
10589
10589
10590
10591
10593
10596
10598
10602
10605
10607
10607
10612
10612
10614
10617
10618
10619
10628
10641
10645
10645
10646
10648
10650
10653
10657
10659
10661
10664
10665
10671
10673
10674
10675
10675
10678
10686
10695
10696
10696
10703
10706
10707
10718
10722
10724
10729
10729
10731
10732
10736
10740
10744
10751
10751
10752
10754
10757
10759
10760
10763
10764
10764
10767
10769
10772
10778
10782
10785
10786
10789
10795
10796
10806
10806
10810
10811
10813
10817
10817
10818
10822
10827
10835
10842
10845
10847
10849
10849
10856
10856
10860
10861
10866
10866
10867
10868
10872
10881
10885
10891
10894
10896
10906
10906
10910
10913
10916
10919
10923
10926
10927
10927
10934
10934
10938
10938
10941
10946
10956
10964
10971
10972
10974
10974
10974
10975
10987
10989
10991
10992
10993
11001
11002
11006
11014
11015
11016
11023
11024
11032
11037
11037
11041
11042
11050
11051
11052
11057
11057
11058
11062
11065
11074
11078
11088
11091
11097
11098
11098
11100
11100
11100
11104
11105
11107
11108
11108
11112
11118
11134
11137
11143
11148
11151
11153
11156
11168
11172
11180
11181
11182
11185
11186
11196
11198
11199
11200
11203
11210
11212
11213
11216
11217
11219
11227
11231
11235
11237
11239
11243
11243
11243
11247
11251
11256
11257
11257
11271
11276
11281
11281
11285
11287
11298
11302
11306
11312
11315
11319
11326
11327
11328
11337
11341
11341
11342
11343
11349
11352
11353
11357
11357
11362
11368
11370
11372
11374
11375
11376
11381
11387
11392
11393
11394
11394
11396
11403
11407
11409
11410
11412
11414
11415
11421
11427
11429
11431
11432
11434
11436
11437
11439
11440
11442
11450
11450
11452
11454
11458
11460
11462
11469
11469
11469
11474
11476
11477
11482
11490
11491
11494
11496
11503
11507
11507
11507
11508
11510
11513
11530
11533
11534
11545
11545
11549
11552
11554
11555
11563
11571
11573
11575
11580
11581
11587
11591
11593
11595
11601
11623
11634
11636
11645
11650
11652
11655
11658
11663
11666
11675
11675
11688
11689
11698
11702
11704
11706
11707
11712
11715
11716
11718
11720
11723
11724
11724
11726
11728
11730
11734
11735
11736
11741
11742
11745
11746
11746
11747
11752
11753
11753
11755
11757
11761
11765
11767
11770
11770
11773
11776
11783
11785
11791
11796
11799
11799
11801
11807
11808
11809
11814
11825
11826
11827
11828
11835
11837
11837
11844
11854
11856
11860
11861
11873
11878
11883
11888
11888
11889
11891
11895
11895
11896
11899
11906
11917
11918
11919
11921
11923
11927
11935
11936
11937
11942
11946
11949
11949
11951
11957
11961
11961
11969
11977
11978
11982
11990
11994
11996
11997
12008
12019
12021
12022
12023
12024
12029
12031
12040
12043
12046
12049
12061
12062
12063
12070
12073
12074
12075
12075
12077
12078
12082
12082
12086
12089
12094
12095
12096
12099
12105
12105
12105
12107
12108
12113
12116
12122
12125
12128
12131
12132
12138
12141
12143
12145
12146
12148
12151
12151
12155
12155
12159
12164
12166
12167
12167
12168
12169
12172
12183
12183
12186
12200
12203
12204
12206
12206
12208
12210
12221
12226
12233
12236
12242
12247
12256
12263
12265
12267
12267
12267
12271
12272
12272
12275
12276
12280
12288
12288
12290
12293
12296
12297
12301
12311
12311
12311
12314
12326
12330
12332
12343
12343
12344
12345
12349
12356
12358
12358
12359
12363
12366
12367
12367
12369
12380
12383
12386
12386
12391
12394
12394
12398
12399
12399
12401
12404
12423
12423
12424
12424
12425
12425
12426
12427
12427
12429
12431
12438
12439
12447
12450
12451
12454
12458
12459
12459
12460
12461
12464
12464
12467
12469
12473
12475
12484
12486
12489
12504
12507
12511
12512
12515
12515
12516
12517
12517
12518
12528
12531
12532
12538
12547
12549
12552
12557
12559
12562
12577
12579
12580
12596
12597
12598
12606
12619
12623
12625
12628
12629
12631
12632
12632
12633
12633
12634
12636
12637
12640
12643
12643
12645
12651
12652
12656
12662
12664
12668
12668
12673
12674
12675
12679
12682
12689
12690
12693
12694
12697
12700
12700
12701
12707
12709
12718
12723
12725
12731
12731
12731
12732
12734
12740
12743
12750
12750
12751
12752
12757
12758
12763
12770
12781
12788
12790
12790
12792
12797
12800
12801
12810
12814
12821
12824
12825
12832
12833
12835
12842
12848
12850
12850
12852
12853
12854
12857
12858
12859
12872
12873
12875
12877
12890
12899
12902
12903
12903
12909
12909
12911
12913
12914
12918
12922
12922
12925
12927
12933
12939
12941
12952
12963
12966
12966
12968
12975
12979
12980
12983
12985
12985
12987
12988
12988
12994
12997
12998
13003
13012
13021
13024
13026
13027
13027
13030
13032
13033
13033
13035
13035
13043
13048
13051
13051
13071
13071
13072
13073
13073
13075
13078
13079
13090
13090
13091
13096
13096
13099
13099
13101
13103
13110
13110
13114
13122
13123
13123
13124
13125
13128
13129
13131
13143
13151
13151
13154
13154
13158
13159
13164
13169
13175
13178
13179
13182
13186
13193
13199
13201
13204
13209
13209
13216
13223
13224
13228
13229
13230
13231
13232
13232
13234
13237
13242
13245
13249
13253
13262
13266
13266
13275
13277
13283
13284
13284
13285
13287
13295
13301
13304
13305
13311
13313
13313
13314
13315
13317
13321
13322
13322
13324
13335
13336
13336
13337
13337
13339
13341
13342
13343
13350
13351
13352
13354
13357
13358
13358
13359
13359
13362
13366
13371
13379
13380
13382
13382
13388
13388
13392
13396
13396
13400
13412
13419
13421
13422
13424
13424
13441
13445
13445
13450
13452
13454
13456
13457
13466
13467
13473
13475
13483
13483
13487
13488
13496
13497
13502
13505
13505
13509
13509
13510
13513
13522
13526
13536
13537
13542
13544
13553
13553
13554
13555
13556
13557
13559
13560
13566
13567
13568
13572
13581
13589
13589
13599
13602
13605
13609
13609
13611
13612
13615
13620
13623
13624
13625
13628
13628
13630
13630
13632
13641
13643
13645
13647
13649
13652
13657
13665
13666
13672
13672
13679
13689
13693
13695
13695
13701
13703
13711
13712
13713
13715
13716
13716
13722
13723
13730
13747
13748
13755
13757
13761
13761
13763
13766
13767
13773
13774
13774
13778
13788
13792
13795
13799
13803
13804
13806
13809
13816
13817
13817
13818
13820
13823
13830
13830
13830
13837
13843
13843
13844
13851
13852
13853
13861
13863
13864
13871
13876
13881
13888
13889
13890
13899
13899
13899
13901
13901
13901
13902
13903
13908
13913
13926
13934
13935
13945
13945
13957
13958
13959
13966
13970
13970
13971
13972
13973
13973
13973
13975
13977
13980
13981
13985
13987
13987
14008
14008
14012
14012
14016
14016
14019
14020
14026
14029
14030
14034
14035
14045
14051
14052
14052
14054
14057
14060
14065
14069
14080
14085
14085
14088
14094
14102
14105
14114
14114
14116
14120
14121
14122
14127
14128
14133
14142
14144
14144
14146
14147
14150
14153
14159
14160
14161
14162
14165
14168
14168
14170
14175
14176
14177
14178
14179
14195
14199
14206
14209
14215
14216
14220
14223
14224
14227
14227
14231
14233
14234
14235
14235
14238
14241
14244
14245
14247
14247
14251
14254
14263
14266
14269
14270
14271
14271
14272
14275
14277
14281
14284
14286
14287
14290
14297
14304
14304
14305
14305
14306
14307
14310
14311
14319
14324
14324
14325
14328
14329
14332
14337
14342
14365
14366
14368
14371
14374
14377
14379
14384
14389
14394
14400
14404
14410
14410
14421
14425
14425
14433
14434
14439
14439
14445
14445
14454
14456
14460
14466
14468
14470
14475
14480
14480
14489
14490
14490
14494
14495
14495
14499
14501
14505
14506
14508
14510
14511
14515
14526
14535
14539
14541
14546
14546
14547
14550
14565
14568
14570
14570
14572
14576
14578
14579
14593
14600
14603
14603
14605
14612
14612
14613
14618
14619
14624
14630
14634
14634
14635
14639
14641
14642
14642
14642
14645
14645
14650
14650
14656
14658
14662
14667
14669
14671
14671
14678
14686
14688
14700
14700
14701
14702
14709
14716
14721
14723
14724
14731
14732
14732
14745
14752
14757
14761
14761
14761
14762
14764
14769
14770
14770
14777
14789
14790
14790
14795
14799
14799
14800
14802
14807
14816
14817
14818
14821
14827
14830
14831
14832
14836
14837
14837
14837
14840
14847
14848
14853
14853
14853
14853
14854
14857
14864
14865
14865
14866
14868
14869
14875
14876
14879
14880
14882
14884
14889
14889
14891
14902
14902
14906
14909
14910
14914
14915
14915
14926
14938
14948
14956
14964
14966
14971
14974
14975
14978
14978
14983
14987
14987
14994
14996
15002
15007
15011
15014
15024
15025
15025
15026
15027
15030
15030
15033
15033
15036
15036
15038
15038
15043
15045
15051
15056
15064
15066
15069
15070
15072
15075
15076
15076
15078
15086
15091
15094
15095
15097
15099
15101
15102
15104
15106
15107
15107
15108
15115
15116
15119
15121
15122
15123
15125
15126
15130
15138
15139
15139
15145
15150
15151
15161
15162
15167
15169
15171
15171
15172
15173
15174
15176
15178
15179
15182
15184
15194
15201
15203
15205
15211
15213
15217
15232
15237
15241
15242
15243
15244
15246
15248
15250
15253
15253
15255
15257
15260
15263
15264
15266
15280
15283
15290
15296
15299
15304
15306
15312
15312
15313
15313
15314
15328
15342
15343
15344
15350
15351
15359
15366
15378
15379
15386
15388
15390
15392
15392
15392
15399
15403
15408
15413
15420
15427
15434
15436
15440
15441
15444
15449
15449
15459
15461
15466
15467
15474
15474
15481
15482
15483
15484
15485
15490
15493
15495
15501
15510
15511
15519
15526
15530
15530
15532
15536
15538
15540
15545
15546
15548
15552
15555
15557
15559
15562
15567
15569
15569
15573
15573
15574
15574
15574
15575
15580
15583
15584
15588
15597
15600
15602
15602
15604
15616
15616
15618
15619
15623
15623
15629
15629
15630
15635
15637
15641
15644
15646
15647
15651
15651
15652
15655
15656
15657
15657
15667
15670
15674
15679
15682
15685
15699
15699
15700
15706
15707
15708
15708
15709
15712
15713
15714
15714
15718
15719
15721
15723
15725
15726
15727
15731
15744
15746
15755
15758
15763
15764
15765
15773
15777
15778
15782
15783
15785
15789
15799
15804
15805
15805
15808
15816
15819
15822
15825
15829
15832
15832
15838
15841
15842
15843
15849
15850
15855
15857
15860
15866
15867
15871
15871
15873
15874
15874
15880
15881
15881
15885
15893
15893
15894
15895
15898
15899
15902
15903
15907
15908
15924
15927
15929
15930
15936
15936
15940
15950
15951
15952
15954
15960
15962
15965
15972
15975
15986
15989
15998
16001
16001
16004
16009
16010
16014
16017
16019
16020
16028
16030
16030
16038
16047
16047
16048
16050
16057
16059
16060
16064
16065
16071
16075
16075
16078
16079
16084
16088
16095
16098
16106
16107
16113
16115
16118
16124
16130
16139
16142
16155
16159
16161
16161
16166
16173
16179
16187
16194
16197
16197
16198
16199
16201
16215
16215
16221
16223
16224
16230
16234
16237
16239
16240
16240
16242
16243
16247
16249
16250
16254
16260
16266
16267
16268
16274
16276
16280
16283
16288
16290
16300
16301
16301
16307
16309
16317
16321
16322
16323
16323
16323
16327
16332
16333
16333
16334
16334
16336
16340
16342
16343
16350
16352
16354
16359
16362
16365
16365
16370
16373
16373
16376
16380
16386
16389
16392
16395
16395
16396
16398
16401
16403
16408
16410
16410
16412
16412
16415
16422
16423
16427
16432
16436
16442
16444
16445
16451
16456
16457
16458
16462
16466
16469
16469
16471
16474
16480
16481
16482
16489
16500
16501
16502
16505
16510
16511
16511
16519
16521
16522
16523
16523
16524
16524
16529
16532
16534
16536
16541
16545
16546
16550
16550
16552
16553
16559
16561
16561
16564
16566
16567
16568
16576
16583
16586
16590
16592
16594
16598
16599
16600
16603
16606
16607
16612
16613
16614
16615
16616
16620
16625
16628
16629
16631
16634
16636
16636
16637
16644
16648
16648
16652
16652
16654
16658
16658
16664
16666
16668
16671
16675
16682
16688
16691
16709
16715
16721
16725
16729
16738
16739
16739
16745
16746
16751
16757
16758
16773
16774
16793
16793
16800
16800
16805
16805
16805
16806
16825
16826
16829
16834
16836
16839
16840
16842
16842
16845
16846
16849
16849
16854
16856
16868
16870
16870
16876
16879
16880
16882
16884
16888
16888
16889
16891
16894
16901
16907
16910
16917
16923
16924
16931
16942
16943
16945
16945
16945
16946
16947
16948
16948
16950
16953
16954
16959
16969
16971
16973
16976
16977
16981
16987
16996
16996
16999
16999
17011
17013
17018
17018
17024
17032
17033
17033
17041
17041
17044
17044
17045
17048
17051
17064
17068
17070
17074
17076
17082
17087
17091
17094
17098
17108
17111
17111
17118
17120
17123
17125
17127
17127
17130
17133
17137
17139
17141
17143
17146
17152
17155
17157
17157
17157
17160
17167
17170
17174
17175
17178
17181
17183
17184
17186
17189
17193
17194
17197
17203
17210
17210
17212
17212
17214
17218
17218
17219
17224
17225
17225
17225
17225
17228
17231
17231
17234
17243
17243
17248
17251
17254
17254
17257
17260
17273
17273
17275
17278
17279
17280
17285
17287
17288
17290
17290
17291
17292
17295
17296
17300
17304
17305
17313
17316
17319
17329
17329
17329
17337
17339
17340
17340
17341
17343
17345
17351
17353
17361
17365
17369
17373
17375
17376
17377
17379
17385
17385
17386
17398
17406
17411
17428
17429
17439
17449
17453
17454
17455
17457
17457
17458
17459
17461
17477
17477
17477
17478
17486
17491
17492
17494
17503
17504
17505
17506
17512
17515
17519
17525
17526
17528
17529
17532
17534
17536
17541
17554
17554
17557
17564
17564
17583
17584
17584
17602
17612
17613
17618
17619
17622
17626
17628
17650
17652
17653
17657
17657
17667
17669
17674
17674
17675
17677
17678
17685
17688
17693
17693
17695
17708
17715
17715
17723
17724
17725
17727
17728
17728
17736
17741
17742
17746
17748
17748
17750
17751
17753
17754
17756
17758
17759
17761
17763
17767
17772
17775
17782
17786
17792
17798
17801
17802
17807
17810
17815
17818
17826
17830
17833
17839
17842
17842
17847
17848
17850
17850
17856
17857
17858
17863
17863
17864
17866
17868
17870
17871
17882
17884
17890
17892
17901
17908
17909
17913
17916
17919
17922
17923
17938
17943
17956
17958
17965
17970
17974
17975
17978
17984
17984
17986
17988
17995
17996
17998
17998
17998
17999
18001
18002
18007
18008
18011
18011
18011
18012
18024
18024
18027
18027
18040
18042
18043
18044
18046
18050
18056
18056
18060
18062
18063
18063
18070
18077
18078
18080
18081
18083
18088
18099
18109
18112
18117
18118
18124
18128
18132
18133
18138
18139
18141
18145
18152
18152
18153
18154
18159
18165
18166
18169
18174
18174
18174
18187
18187
18191
18193
18198
18199
18202
18204
18215
18217
18219
18224
18224
18228
18228
18235
18236
18241
18242
18242
18243
18249
18253
18254
18261
18262
18264
18269
18278
18279
18279
18288
18294
18295
18296
18299
18306
18306
18310
18314
18317
18317
18327
18331
18349
18349
18350
18356
18359
18359
18361
18363
18367
18369
18377
18382
18384
18387
18390
18391
18392
18393
18398
18400
18402
18406
18409
18411
18412
18415
18422
18425
18426
18426
18428
18445
18446
18448
18451
18452
18455
18462
18465
18466
18468
18468
18481
18482
18485
18491
18491
18492
18496
18500
18503
18505
18506
18509
18510
18522
18523
18525
18527
18528
18528
18535
18538
18539
18539
18544
18547
18560
18564
18568
18569
18570
18570
18571
18572
18575
18580
18583
18584
18590
18595
18602
18603
18603
18610
18613
18613
18614
18622
18623
18627
18639
18639
18641
18643
18648
18656
18658
18675
18679
18680
18681
18688
18698
18700
18704
18708
18711
18715
18716
18719
18722
18731
18746
18747
18748
18751
18751
18755
18760
18766
18768
18769
18774
18780
18781
18790
18794
18794
18801
18807
18814
18814
18816
18817
18824
18825
18829
18834
18834
18834
18836
18839
18842
18843
18847
18849
18851
18859
18862
18863
18865
18880
18881
18885
18888
18890
18896
18898
18907
18913
18916
18916
18918
18921
18922
18923
18925
18926
18927
18935
18936
18938
18940
18941
18948
18949
18951
18952
18953
18958
18968
18969
18976
18976
18981
18984
18992
18992
18992
18996
18997
18998
18999
19000
19000
19006
19015
19015
19016
19019
19020
19022
19026
19026
19027
19027
19028
19035
19035
19038
19039
19047
19050
19058
19058
19063
19064
19072
19078
19079
19081
19081
19084
19093
19093
19095
19104
19105
19108
19109
19110
19118
19120
19122
19124
19125
19127
19132
19137
19140
19146
19149
19151
19153
19154
19155
19157
19159
19162
19171
19174
19176
19182
19182
19183
19184
19190
19194
19199
19200
19200
19204
19204
19211
19211
19214
19219
19223
19231
19232
19241
19244
19248
19254
19267
19270
19274
19275
19282
19285
19286
19286
19288
19290
19291
19295
19297
19305
19306
19319
19322
19327
19329
19330
19334
19339
19339
19344
19351
19354
19356
19359
19359
19363
19364
19367
19376
19380
19382
19390
19405
19407
19415
19416
19417
19425
19426
19429
19430
19439
19447
19449
19450
19454
19462
19464
19471
19477
19480
19485
19486
19486
19492
19493
19496
19496
19503
19518
19520
19524
19526
19533
19533
19534
19538
19541
19553
19560
19561
19561
19564
19569
19572
19574
19576
19578
19580
19598
19610
19624
19627
19627
19628
19631
19635
19638
19650
19658
19665
19670
19673
19674
19675
19676
19677
19680
19683
19683
19688
19693
19693
19694
19698
19702
19704
19706
19715
19716
19726
19727
19729
19729
19734
19735
19743
19743
19753
19757
19759
19763
19763
19764
19766
19769
19770
19772
19773
19774
19775
19775
19776
19780
19783
19789
19791
19808
19808
19811
19812
19812
19813
19814
19815
19822
19823
19823
19824
19827
19828
19833
19837
19844
19845
19853
19859
19866
19870
19871
19878
19882
19883
19889
19893
19894
19895
19897
19901
19904
19905
19908
19908
19911
19914
19915
19917
19924
19929
19931
19935
19942
19944
19951
19953
19954
19954
19955
19956
19957
19959
19969
19973
19984
19995
19996
19996
19998
20006
20023
20027
20027
20029
20033
20033
20033
20038
20043
20045
20051
20051
20055
20063
20065
20072
20084
20087
20095
20100
20101
20102
20103
20105
20106
20123
20124
20128
20130
20134
20137
20140
20147
20147
20147
20151
20152
20153
20158
20159
20167
20169
20174
20175
20176
20176
20185
20193
20196
20196
20202
20203
20205
20210
20211
20215
20215
20220
20226
20228
20235
20235
20240
20243
20244
20248
20251
20251
20253
20255
20259
20260
20260
20262
20263
20264
20267
20271
20271
20273
20277
20279
20282
20285
20285
20285
20287
20297
20299
20306
20309
20314
20322
20322
20323
20325
20329
20332
20332
20333
20341
20346
20348
20357
20357
20359
20363
20364
20364
20364
20370
20372
20373
20373
20384
20386
20387
20402
20407
20408
20409
20414
20415
20415
20416
20419
20419
20420
20426
20427
20427
20429
20433
20438
20440
20441
20444
20451
20456
20463
20464
20467
20468
20470
20471
20478
20480
20483
20486
20491
20491
20491
20492
20498
20498
20506
20517
20517
20519
20528
20532
20533
20534
20535
20538
20542
20546
20547
20547
20548
20559
20559
20560
20561
20567
20570
20571
20573
20573
20576
20576
20577
20577
20578
20578
20579
20583
20596
20596
20608
20615
20620
20620
20625
20639
20640
20650
20653
20658
20658
20661
20662
20662
20663
20674
20676
20679
20685
20688
20697
20706
20707
20715
20722
20723
20724
20729
20731
20735
20737
20741
20742
20744
20747
20753
20756
20757
20757
20757
20758
20759
20763
20764
20766
20767
20774
20775
20779
20784
20786
20790
20795
20805
20809
20835
20836
20840
20842
20849
20856
20860
20864
20865
20874
20876
20880
20885
20886
20889
20890
20896
20899
20901
20904
20907
20908
20911
20913
20914
20921
20921
20923
20928
20930
20931
20935
20938
20948
20959
20965
20968
20971
20979
20983
20986
20987
20991
20991
20996
20997
21006
21007
21011
21012
21013
21014
21026
21029
21029
21033
21034
21038
21042
21043
21043
21045
21045
21045
21049
21052
21053
21059
21061
21061
21064
21066
21071
21083
21084
21084
21086
21090
21090
21093
21096
21101
21101
21102
21104
21107
21109
21110
21113
21113
21121
21122
21128
21128
21130
21132
21136
21140
21141
21153
21161
21162
21163
21164
21171
21173
21177
21177
21181
21184
21186
21187
21188
21200
21202
21204
21206
21208
21209
21215
21217
21217
21222
21226
21232
21232
21233
21237
21242
21246
21249
21253
21258
21259
21261
21263
21265
21266
21267
21271
21279
21283
21287
21288
21289
21295
21303
21309
21309
21311
21315
21315
21319
21324
21325
21330
21330
21337
21341
21345
21345
21352
21356
21358
21358
21361
21362
21372
21372
21373
21380
21387
21388
21390
21394
21408
21410
21412
21416
21422
21423
21431
21431
21432
21435
21438
21441
21446
21450
21450
21452
21453
21457
21457
21458
21466
21468
21474
21475
21477
21479
21484
21496
21497
21501
21507
21509
21512
21516
21521
21526
21530
21533
21536
21537
21549
21550
21551
21551
21556
21557
21562
21565
21570
21572
21572
21573
21580
21582
21591
21593
21596
21597
21604
21613
21617
21620
21621
21624
21626
21631
21632
21639
21639
21640
21641
21643
21650
21653
21662
21663
21663
21673
21675
21679
21680
21684
21685
21685
21690
21693
21698
21700
21703
21704
21706
21713
21714
21717
21718
21726
21728
21737
21738
21738
21739
21740
21741
21744
21746
21750
21752
21754
21757
21765
21769
21773
21774
21780
21787
21790
21792
21794
21795
21797
21799
21806
21808
21810
21812
21825
21833
21839
21843
21846
21853
21853
21856
21858
21859
21862
21863
21874
21878
21878
21884
21887
21890
21902
21903
21909
21912
21914
21914
21920
21920
21921
21922
21930
21931
21932
21933
21936
21938
21942
21946
21947
21953
21953
21960
21964
21965
21965
21966
21979
21979
21982
21982
21983
21983
21988
21990
22011
22013
22015
22023
22029
22033
22037
22039
22040
22041
22043
22044
22046
22046
22047
22047
22047
22051
22054
22056
22061
22063
22063
22064
22066
22067
22070
22073
22073
22074
22075
22076
22087
22089
22089
22092
22094
22099
22101
22103
22113
22116
22118
22125
22126
22133
22134
22137
22143
22144
22146
22157
22167
22169
22174
22178
22180
22180
22202
22202
22207
22211
22215
22215
22225
22227
22232
22234
22234
22235
22238
22239
22242
22243
22252
22255
22256
22257
22258
22259
22260
22262
22263
22264
22267
22279
22283
22290
22291
22298
22298
22302
22302
22303
22303
22317
22317
22320
22326
22326
22332
22338
22338
22339
22339
22339
22346
22349
22350
22351
22353
22356
22358
22362
22363
22363
22365
22372
22378
22379
22386
22387
22399
22406
22406
22411
22415
22417
22420
22423
22426
22427
22428
22431
22432
22432
22433
22439
22449
22450
22451
22454
22458
22460
22461
22463
22466
22475
22477
22477
22478
22482
22485
22485
22498
22499
22507
22515
22518
22519
22522
22529
22534
22534
22535
22539
22539
22542
22549
22553
22555
22557
22558
22559
22565
22572
22574
22576
22584
22604
22608
22608
22612
22612
22616
22619
22620
22620
22623
22623
22625
22634
22636
22637
22638
22646
22646
22647
22655
22661
22661
22662
22668
22670
22672
22675
22680
22690
22697
22698
22702
22709
22709
22710
22710
22713
22718
22719
22722
22728
22733
22738
22738
22739
22743
22749
22753
22754
22756
22760
22762
22762
22769
22769
22770
22770
22777
22779
22780
22780
22790
22791
22793
22797
22798
22805
22807
22809
22809
22812
22813
22818
22823
22824
22827
22827
22828
22829
22830
22832
22836
22847
22851
22853
22860
22861
22862
22863
22877
22877
22878
22881
22881
22882
22882
22883
22886
22887
22888
22888
22894
22896
22897
22909
22910
22915
22916
22916
22932
22936
22936
22938
22938
22939
22944
22946
22947
22954
22966
22967
22971
22972
22974
22982
22983
22985
22988
22991
22995
22997
22998
22999
23002
23003
23007
23008
23013
23018
23018
23023
23029
23033
23035
23040
23041
23042
23043
23044
23051
23051
23053
23057
23057
23060
23061
23062
23063
23067
23079
23080
23084
23085
23089
23091
23103
23104
23106
23107
23120
23125
23127
23129
23129
23131
23133
23134
23136
23142
23143
23144
23149
23150
23152
23154
23158
23162
23168
23172
23174
23175
23178
23179
23183
23192
23201
23205
23208
23210
23210
23215
23215
23221
23223
23226
23227
23228
23230
23231
23237
23239
23239
23244
23253
23259
23262
23265
23277
23278
23278
23284
23286
23293
23293
23300
23300
23301
23303
23306
23307
23310
23311
23316
23320
23320
23322
23330
23334
23336
23338
23339
23353
23354
23358
23360
23368
23369
23378
23379
23382
23382
23391
23392
23395
23398
23401
23401
23404
23407
23408
23409
23409
23409
23409
23410
23410
23421
23423
23423
23427
23430
23434
23435
23435
23436
23436
23440
23441
23443
23446
23449
23451
23452
23453
23461
23465
23467
23469
23478
23480
23482
23485
23487
23488
23488
23492
23496
23496
23499
23501
23504
23505
23511
23512
23515
23530
23531
23535
23542
23551
23556
23564
23565
23568
23570
23573
23579
23581
23581
23583
23583
23589
23589
23594
23596
23605
23608
23610
23612
23615
23615
23617
23620
23631
23633
23634
23641
23642
23643
23645
23647
23648
23650
23661
23662
23666
23667
23677
23679
23691
23696
23697
23700
23711
23713
23736
23739
23739
23740
23743
23748
23751
23755
23758
23763
23764
23769
23773
23773
23775
23779
23793
23796
23800
23804
23806
23807
23807
23808
23818
23818
23822
23826
23830
23831
23832
23833
23836
23841
23843
23850
23851
23853
23860
23861
23862
23870
23871
23871
23873
23873
23877
23877
23879
23882
23885
23894
23895
23897
23898
23904
23908
23908
23919
23922
23922
23924
23927
23929
23931
23941
23943
23946
23952
23955
23956
23957
23959
23959
23964
23966
23968
23971
23973
23980
23983
23986
23989
23989
23990
23994
23998
24000
24001
24005
24010
24013
24025
24026
24030
24035
24043
24047
24047
24048
24049
24049
24051
24052
24059
24059
24060
24065
24066
24070
24071
24074
24075
24076
24083
24083
24084
24100
24106
24107
24107
24122
24123
24127
24129
24138
24138
24139
24140
24143
24145
24149
24153
24153
24156
24162
24163
24164
24165
24171
24173
24174
24179
24182
24184
24185
24190
24191
24193
24194
24196
24196
24200
24201
24204
24207
24210
24210
24211
24214
24217
24218
24232
24232
24234
24235
24238
24251
24252
24267
24273
24277
24283
24293
24294
24294
24294
24295
24298
24301
24305
24305
24306
24308
24311
24315
24316
24316
24321
24323
24326
24328
24329
24331
24333
24335
24340
24341
24341
24342
24347
24357
24357
24359
24362
24372
24375
24375
24380
24381
24385
24388
24393
24394
24396
24399
24401
24404
24405
24405
24410
24421
24427
24433
24435
24439
24439
24440
24448
24457
24458
24468
24469
24478
24484
24484
24485
24485
24486
24487
24488
24489
24492
24499
24500
24505
24507
24508
24511
24511
24516
24535
24535
24537
24540
24553
24555
24558
24558
24561
24562
24563
24564
24566
24567
24570
24575
24577
24581
24581
24581
24582
24584
24586
24587
24588
24607
24608
24610
24610
24614
24614
24620
24621
24628
24631
24636
24640
24646
24653
24653
24655
24656
24664
24666
24667
24675
24675
24676
24682
24682
24682
24684
24684
24689
24690
24698
24710
24712
24717
24724
24729
24730
24733
24737
24741
24744
24749
24751
24752
24756
24760
24762
24766
24768
24768
24769
24774
24774
24777
24779
24781
24781
24781
24787
24787
24789
24790
24791
24791
24804
24806
24809
24812
24812
24817
24824
24826
24830
24830
24835
24836
24838
24843
24847
24850
24850
24855
24866
24877
24878
24879
24879
24887
24891
24891
24891
24899
24902
24903
24915
24920
24920
24921
24924
24924
24925
24927
24929
24930
24930
24932
24933
24941
24942
24952
24955
24959
24959
24961
24963
24964
24964
24968
24969
24970
24971
24971
24978
24981
24984
24987
24992
24992
24995
25005
25006
25009
25011
25012
25014
25020
25029
25031
25031
25041
25042
25043
25046
25060
25062
25065
25068
25072
25089
25091
25096
25096
25097
25100
25109
25110
25114
25116
25117
25123
25124
25125
25125
25135
25143
25150
25156
25162
25166
25169
25170
25177
25179
25182
25191
25193
25193
25197
25197
25200
25201
25211
25213
25216
25226
25227
25232
25238
25239
25240
25243
25244
25245
25252
25254
25259
25259
25266
25271
25272
25274
25274
25278
25280
25284
25284
25289
25292
25296
25297
25300
25308
25313
25314
25316
25317
25317
25322
25327
25331
25331
25332
25333
25336
25337
25338
25339
25340
25341
25341
25344
25345
25355
25355
25362
25372
25374
25375
25376
25385
25385
25390
25391
25394
25395
25396
25397
25401
25402
25404
25407
25413
25423
25429
25430
25436
25438
25439
25443
25447
25451
25454
25455
25455
25456
25458
25459
25459
25460
25464
25464
25466
25467
25467
25469
25470
25471
25473
25476
25489
25493
25499
25506
25506
25507
25512
25522
25523
25529
25532
25536
25536
25545
25547
25549
25551
25551
25552
25553
25556
25559
25561
25566
25567
25569
25569
25570
25570
25577
25577
25578
25582
25584
25586
25597
25599
25601
25601
25602
25604
25604
25604
25607
25610
25614
25614
25622
25623
25629
25629
25630
25630
25631
25633
25636
25638
25638
25640
25650
25653
25655
25660
25666
25669
25672
25674
25677
25679
25679
25680
25682
25682
25683
25686
25693
25699
25703
25709
25715
25719
25720
25725
25730
25731
25733
25735
25754
25762
25765
25765
25765
25771
25773
25776
25780
25785
25786
25788
25788
25793
25796
25796
25797
25798
25798
25807
25809
25813
25817
25817
25821
25822
25825
25827
25829
25831
25837
25840
25841
25842
25842
25845
25845
25846
25850
25855
25857
25863
25863
25867
25870
25870
25875
25891
25894
25901
25907
25907
25921
25927
25934
25934
25935
25937
25940
25941
25948
25955
25959
25960
25961
25961
25962
25962
25963
25967
25968
25974
25980
25983
25983
25984
25988
25989
25994
26000
26004
26004
26005
26007
26009
26011
26026
26030
26030
26031
26035
26040
26045
26046
26048
26049
26050
26051
26053
26057
26057
26059
26068
26069
26071
26072
26081
26081
26082
26087
26097
26101
26102
26104
26109
26113
26114
26115
26121
26135
26135
26141
26142
26143
26148
26156
26158
26158
26160
26161
26166
26168
26170
26172
26178
26178
26179
26179
26181
26181
26188
26191
26198
26202
26205
26205
26205
26206
26208
26212
26215
26216
26219
26223
26227
26228
26229
26233
26234
26234
26246
26250
26255
26256
26260
26265
26266
26267
26269
26272
26279
26282
26283
26283
26286
26288
26289
26300
26304
26309
26312
26315
26316
26318
26325
26325
26328
26331
26331
26332
26335
26337
26338
26340
26342
26342
26357
26360
26363
26369
26372
26372
26377
26379
26382
26383
26388
26394
26397
26397
26398
26398
26398
26399
26399
26400
26403
26405
26406
26411
26412
26415
26416
26417
26429
26433
26433
26434
26440
26441
26442
26442
26443
26447
26448
26464
26464
26465
26466
26467
26473
26481
26481
26489
26496
26496
26498
26500
26502
26504
26514
26517
26524
26526
26527
26534
26534
26537
26540
26541
26543
26546
26549
26556
26558
26559
26565
26566
26567
26568
26574
26577
26579
26588
26591
26593
26597
26598
26602
26603
26607
26612
26622
26624
26624
26632
26633
26634
26634
26634
26639
26641
26642
26642
26650
26653
26660
26669
26678
26682
26682
26684
26688
26689
26693
26694
26695
26702
26703
26704
26708
26711
26714
26719
26724
26724
26731
26733
26740
26761
26761
26767
26769
26772
26778
26778
26779
26786
26801
26808
26811
26813
26813
26824
26832
26836
26839
26841
26844
26844
26845
26846
26851
26859
26860
26862
26865
26866
26867
26870
26873
26873
26878
26880
26889
26897
26899
26901
26904
26914
26918
26920
26921
26922
26922
26923
26931
26934
26934
26940
26940
26946
26949
26949
26950
26953
26957
26958
26958
26961
26965
26966
26967
26967
26968
26968
26968
26970
26974
26978
26982
26987
26991
26993
26993
27002
27003
27008
27011
27016
27017
27018
27020
27025
27025
27026
27028
27031
27031
27034
27036
27041
27042
27049
27050
27051
27056
27056
27063
27065
27068
27071
27074
27077
27082
27087
27093
27095
27096
27101
27102
27108
27113
27115
27118
27124
27127
27129
27136
27139
27140
27144
27145
27151
27152
27156
27158
27160
27160
27163
27167
27168
27170
27176
27178
27182
27183
27184
27185
27186
27188
27191
27191
27202
27207
27207
27208
27213
27215
27218
27223
27223
27224
27227
27230
27232
27236
27236
27240
27248
27254
27258
27261
27267
27267
27268
27271
27279
27280
27281
27283
27285
27291
27299
27303
27305
27305
27326
27329
27329
27331
27336
27336
27347
27347
27350
27351
27356
27357
27357
27358
27361
27361
27362
27362
27362
27364
27375
27384
27390
27400
27400
27400
27401
27404
27405
27405
27406
27410
27412
27414
27415
27417
27423
27425
27428
27434
27436
27437
27450
27454
27455
27455
27457
27458
27461
27461
27461
27462
27463
27463
27467
27476
27477
27478
27485
27486
27488
27489
27489
27491
27494
27496
27498
27502
27502
27504
27515
27522
27525
27529
27536
27536
27538
27541
27552
27561
27563
27573
27576
27579
27593
27597
27600
27600
27601
27603
27604
27604
27606
27607
27611
27614
27614
27615
27615
27627
27632
27632
27633
27634
27634
27639
27643
27647
27649
27651
27653
27660
27671
27676
27684
27685
27692
27695
27701
27702
27702
27703
27704
27707
27712
27720
27721
27724
27732
27738
27740
27741
27742
27742
27749
27752
27756
27760
27764
27776
27776
27779
27779
27782
27786
27788
27797
27800
27802
27805
27806
27809
27816
27824
27825
27830
27833
27837
27839
27854
27857
27860
27865
27865
27870
27874
27876
27879
27883
27886
27886
27890
27892
27892
27896
27901
27902
27907
27911
27916
27917
27919
27920
27925
27925
27931
27934
27934
27934
27943
27949
27949
27951
27952
27954
27963
27964
27968
27969
27971
27972
27989
27989
27998
28013
28016
28018
28019
28028
28028
28029
28041
28045
28049
28051
28053
28067
28068
28071
28074
28078
28080
28092
28093
28094
28094
28102
28104
28108
28113
28120
28125
28133
28138
28139
28143
28144
28147
28151
28155
28161
28162
28169
28170
28171
28174
28175
28177
28180
28185
28189
28194
28207
28207
28208
28209
28214
28221
28223
28234
28235
28237
28239
28240
28242
28242
28245
28252
28254
28261
28264
28264
28265
28271
28276
28280
28282
28283
28285
28294
28296
28298
28302
28305
28305
28324
28329
28338
28339
28340
28344
28347
28361
28364
28372
28376
28378
28379
28381
28384
28390
28397
28404
28406
28409
28414
28415
28416
28418
28418
28420
28427
28446
28446
28448
28450
28451
28453
28453
28463
28464
28466
28466
28466
28467
28475
28480
28482
28484
28484
28486
28487
28492
28495
28496
28498
28511
28526
28527
28528
28529
28529
28534
28534
28538
28543
28548
28550
28553
28556
28556
28558
28564
28564
28568
28571
28573
28574
28578
28583
28586
28587
28588
28592
28593
28593
28595
28598
28600
28601
28603
28606
28611
28612
28618
28620
28622
28624
28628
28628
28629
28633
28636
28639
28640
28640
28642
28646
28647
28655
28656
28657
28657
28667
28670
28671
28675
28676
28680
28681
28684
28690
28690
28693
28695
28702
28703
28707
28707
28710
28716
28716
28718
28723
28724
28726
28730
28731
28740
28741
28742
28743
28745
28746
28746
28750
28750
28752
28753
28755
28760
28762
28763
28767
28768
28771
28777
28777
28777
28778
28780
28784
28785
28788
28790
28796
28796
28797
28799
28799
28803
28804
28806
28810
28814
28817
28818
28820
28821
28825
28826
28832
28836
28836
28837
28854
28861
28864
28866
28869
28869
28870
28889
28897
28898
28901
28902
28902
28902
28903
28913
28914
28915
28915
28919
28919
28923
28926
28926
28930
28931
28934
28936
28938
28947
28948
28949
28952
28954
28955
28961
28965
28967
28971
28973
28974
28975
28977
28978
28980
28981
28982
28989
28996
28998
29003
29007
29011
29015
29017
29018
29026
29029
29040
29047
29049
29049
29050
29053
29055
29056
29064
29064
29066
29067
29072
29073
29078
29096
29098
29098
29099
29101
29103
29104
29105
29107
29113
29119
29123
29123
29124
29127
29130
29132
29132
29132
29135
29135
29136
29139
29140
29147
29152
29154
29157
29159
29161
29170
29172
29175
29178
29183
29183
29183
29185
29186
29195
29197
29197
29200
29205
29210
29210
29212
29215
29215
29219
29227
29237
29238
29241
29247
29256
29257
29257
29266
29266
29268
29270
29273
29277
29287
29290
29291
29297
29300
29301
29301
29308
29330
29332
29344
29345
29349
29352
29353
29360
29363
29365
29366
29367
29368
29372
29375
29375
29375
29377
29379
29380
29382
29390
29393
29393
29395
29395
29401
29405
29412
29415
29416
29417
29418
29419
29421
29423
29424
29425
29428
29430
29432
29433
29436
29449
29450
29450
29452
29453
29455
29461
29467
29474
29475
29477
29479
29490
29494
29499
29500
29508
29509
29520
29528
29532
29535
29536
29537
29538
29549
29549
29551
29558
29562
29563
29563
29566
29568
29571
29573
29586
29587
29593
29594
29594
29597
29600
29603
29603
29608
29608
29612
29612
29619
29620
29620
29623
29624
29626
29628
29641
29644
29652
29652
29661
29661
29664
29671
29671
29672
29674
29678
29679
29686
29689
29700
29706
29711
29715
29716
29717
29718
29718
29718
29718
29725
29728
29730
29743
29744
29748
29755
29760
29760
29760
29770
29771
29774
29779
29780
29782
29789
29793
29793
29798
29800
29803
29806
29809
29815
29815
29823
29827
29828
29829
29836
29844
29847
29850
29852
29852
29859
29871
29873
29878
29884
29884
29885
29887
29889
29891
29893
29894
29904
29908
29910
29912
29914
29927
29929
29934
29935
29937
29937
29938
29943
29946
29947
29954
29957
29961
29964
29965
29966
29969
29973
29982
29983
29986
29992
29995
29997
30004
30010
30014
30015
30017
30023
30023
30026
30026
30031
30031
30032
30037
30039
30055
30060
30060
30062
30069
30071
30076
30079
30083
30083
30087
30087
30088
30091
30094
30099
30101
30102
30103
30105
30105
30107
30113
30118
30119
30120
30127
30129
30129
30137
30142
30143
30146
30153
30154
30161
30162
30162
30167
30167
30170
30171
30174
30176
30176
30178
30179
30179
30191
30193
30194
30194
30200
30204
30211
30214
30217
30223
30225
30229
30231
30240
30243
30248
30249
30254
30255
30257
30259
30262
30262
30273
30274
30276
30279
30280
30282
30286
30288
30288
30289
30294
30298
30302
30308
30310
30315
30320
30320
30325
30327
30333
30333
30334
30338
30343
30346
30348
30350
30352
30355
30364
30365
30365
30367
30368
30370
30370
30374
30374
30378
30379
30379
30380
30387
30387
30389
30392
30393
30399
30401
30402
30413
30413
30421
30424
30425
30425
30429
30429
30431
30433
30433
30439
30442
30443
30444
30445
30450
30453
30459
30462
30474
30475
30482
30487
30489
30495
30497
30498
30500
30507
30511
30515
30516
30518
30523
30524
30525
30528
30529
30533
30542
30544
30544
30545
30546
30546
30549
30552
30558
30561
30568
30572
30574
30576
30576
30580
30584
30587
30588
30589
30593
30598
30605
30605
30608
30611
30612
30616
30616
30619
30619
30626
30628
30631
30631
30632
30642
30643
30650
30650
30655
30656
30656
30657
30659
30659
30660
30662
30663
30664
30664
30665
30668
30669
30675
30675
30676
30676
30679
30687
30688
30691
30693
30695
30707
30711
30715
30716
30730
30734
30734
30746
30746
30750
30757
30758
30762
30762
30764
30768
30769
30774
30777
30779
30779
30780
30785
30793
30794
30796
30800
30802
30803
30805
30810
30813
30814
30816
30818
30818
30819
30819
30821
30825
30837
30842
30845
30848
30850
30859
30863
30864
30867
30868
30869
30882
30884
30884
30885
30888
30892
30895
30896
30900
30909
30916
30917
30926
30928
30930
30931
30931
30945
30946
30946
30955
30959
30959
30960
30967
30967
30967
30969
30970
30971
30972
30974
30978
30988
30988
30992
30994
30996
30997
31004
31015
31016
31019
31029
31031
31032
31037
31040
31044
31045
31047
31049
31049
31050
31050
31058
31062
31065
31072
31079
31080
31082
31083
31097
31097
31098
31102
31102
31103
31104
31122
31124
31124
31127
31127
31129
31132
31134
31134
31135
31138
31138
31145
31145
31150
31151
31157
31163
31166
31167
31167
31168
31171
31171
31171
31177
31181
31182
31188
31189
31196
31198
31206
31212
31212
31216
31228
31233
31237
31238
31239
31240
31246
31247
31248
31249
31252
31258
31261
31262
31263
31268
31268
31271
31276
31282
31304
31304
31306
31310
31312
31320
31325
31325
31326
31338
31342
31346
31364
31368
31368
31370
31370
31379
31384
31389
31391
31392
31392
31395
31402
31403
31406
31412
31420
31428
31429
31435
31436
31439
31440
31441
31443
31449
31450
31451
31452
31454
31456
31462
31477
31477
31478
31479
31481
31481
31481
31481
31485
31487
31490
31492
31495
31496
31498
31500
31506
31510
31513
31517
31523
31524
31524
31528
31529
31534
31535
31539
31539
31540
31542
31547
31549
31550
31550
31553
31555
31557
31558
31563
31564
31564
31573
31575
31579
31580
31584
31592
31592
31592
31594
31599
31601
31601
31606
31608
31608
31609
31611
31618
31619
31619
31620
31622
31624
31628
31630
31630
31631
31634
31636
31638
31647
31649
31649
31654
31655
31657
31661
31663
31663
31672
31674
31674
31677
31680
31681
31683
31683
31683
31684
31685
31697
31699
31702
31704
31711
31716
31718
31718
31719
31724
31734
31740
31744
31745
31747
31748
31749
31761
31765
31767
31782
31782
31783
31785
31785
31788
31789
31790
31795
31795
31795
31797
31801
31801
31809
31814
31818
31819
31820
31825
31826
31837
31837
31839
31847
31849
31851
31854
31860
31862
31873
31877
31877
31880
31882
31886
31888
31900
31905
31915
31918
31922
31924
31926
31929
31929
31937
31944
31949
31951
31952
31953
31960
31960
31962
31964
31968
31969
31971
31971
31972
31973
31978
31980
31982
31982
31983
31984
31986
31995
31998
32000
32000
32001
32002
32002
32003
32006
32008
32016
32025
32027
32029
32029
32037
32037
32048
32049
32054
32055
32055
32061
32062
32062
32065
32066
32066
32070
32071
32076
32083
32085
32088
32089
32093
32093
32096
32104
32110
32114
32126
32136
32139
32145
32146
32164
32164
32166
32166
32172
32177
32180
32182
32182
32183
32184
32186
32190
32194
32196
32198
32203
32209
32219
32219
32223
32226
32230
32232
32233
32236
32239
32243
32243
32243
32252
32252
32253
32267
32270
32281
32285
32287
32289
32294
32300
32301
32303
32304
32319
32325
32327
32328
32328
32330
32334
32335
32335
32338
32338
32339
32342
32360
32360
32362
32362
32363
32374
32379
32386
32388
32388
32390
32392
32394
32394
32395
32398
32402
32403
32404
32405
32418
32419
32421
32423
32427
32432
32433
32436
32441
32446
32447
32453
32460
32461
32465
32480
32486
32487
32487
32488
32490
32491
32496
32497
32497
32504
32508
32514
32516
32517
32518
32522
32525
32526
32533
32537
32538
32539
32542
32547
32548
32548
32555
32557
32557
32559
32564
32570
32573
32575
32578
32578
32583
32586
32591
32596
32600
32600
32601
32602
32607
32609
32617
32618
32620
32620
32623
32629
32631
32634
32635
32635
32636
32637
32650
32655
32663
32664
32664
32672
32673
32676
32677
32683
32688
32690
32691
32693
32694
32695
32699
32704
32707
32708
32713
32713
32714
32719
32724
32727
32729
32730
32731
32732
32743
32746
32747
32747
32751
32753
32755
32756
32763
