100
149
362
395
570
643
1939
2056
2067
2176
2812
2883
2912
3142
3439
3769
3770
3779
4361
4434
4693
5137
6545
6607
7102
7762
8283
8402
8819
9207
9484
9487
9636
9804
9857
10009
10108
10337
10779
10900
10913
11488
11523
11702
11898
12244
12521
12577
12946
13445
14388
14758
14962
15476
15540
16138
16493
16797
16861
17165
17494
17514
17555
17562
17936
18539
18891
19528
19593
19631
20308
20574
20659
20815
21889
21942
22750
24141
24615
24625
24821
26042
26078
26102
26286
26418
26962
27213
27446
27629
27699
28182
28218
29212
29327
29767
30426
30492
31799
31830
31969
