1000
5
16
17
44
78
84
104
133
135
146
148
214
265
319
320
324
329
347
374
445
459
557
716
729
750
867
876
888
891
902
915
940
952
971
1005
1077
1111
1121
1121
1125
1150
1226
1278
1290
1318
1319
1339
1410
1426
1445
1451
1455
1482
1493
1494
1547
1549
1577
1591
1660
1726
1748
1760
1767
1774
1799
1823
1856
1893
1930
1979
2031
2035
2045
2100
2127
2143
2148
2177
2224
2229
2232
2244
2384
2468
2471
2542
2557
2654
2657
2688
2717
2758
2777
2779
2801
2831
2867
2872
2900
2961
2980
2980
2988
2991
3031
3057
3076
3085
3103
3110
3113
3122
3135
3149
3159
3212
3229
3233
3263
3306
3307
3350
3389
3428
3452
3453
3460
3484
3497
3528
3536
3555
3578
3614
3642
3648
3691
3713
3714
3794
3810
3837
3849
3851
3877
3947
3956
4042
4065
4174
4199
4246
4257
4289
4355
4363
4366
4393
4429
4527
4550
4566
4571
4603
4709
4781
4858
4898
4925
4942
4992
5012
5017
5055
5075
5119
5129
5276
5300
5314
5321
5329
5407
5445
5509
5519
5521
5631
5646
5666
5685
5702
5735
5866
5874
5891
5967
5990
5992
6029
6046
6231
6244
6254
6283
6284
6352
6477
6483
6502
6503
6562
6583
6594
6597
6641
6737
6757
6814
6819
6821
6821
6847
6854
6874
6876
6908
6927
6935
6942
7015
7039
7059
7122
7166
7213
7282
7301
7304
7364
7415
7427
7429
7452
7582
7608
7625
7667
7674
7707
7717
7722
7746
7789
7903
7952
7966
7968
8080
8094
8129
8230
8235
8257
8257
8272
8336
8358
8361
8376
8378
8412
8423
8459
8474
8563
8685
8765
8776
8777
8783
8818
8837
8865
8866
8884
8911
8959
8971
8975
8987
9088
9100
9143
9145
9172
9205
9248
9269
9362
9491
9493
9584
9664
9666
9678
9678
9706
9801
9849
9866
10006
10060
10128
10157
10171
10214
10292
10309
10368
10384
10384
10438
10456
10462
10488
10490
10493
10509
10565
10588
10625
10687
10720
10725
10748
10796
10839
10918
10941
10978
10981
11000
11019
11056
11124
11136
11153
11172
11209
11224
11231
11234
11256
11275
11323
11332
11361
11375
11485
11537
11567
11580
11594
11616
11620
11724
11772
11829
11839
11858
11872
11909
11917
12010
12013
12080
12093
12120
12190
12308
12320
12342
12357
12362
12447
12487
12500
12652
12653
12706
12725
12775
12777
12807
12822
12837
12852
12859
12863
12865
12941
13041
13064
13180
13189
13216
13236
13265
13380
13417
13439
13483
13502
13530
13642
13646
13676
13718
13722
13758
13787
13829
13848
13894
13901
13917
13974
14007
14010
14021
14094
14186
14234
14245
14249
14354
14390
14392
14429
14442
14587
14591
14659
14689
14700
14703
14719
14743
14817
14859
14861
14885
14918
14919
15011
15011
15015
15048
15209
15228
15241
15261
15315
15325
15338
15434
15447
15448
15453
15455
15486
15491
15502
15519
15550
15588
15603
15644
15677
15687
15696
15702
15797
15807
15915
15956
15970
15985
16010
16025
16027
16056
16076
16086
16095
16098
16149
16183
16199
16215
16249
16259
16331
16338
16343
16366
16378
16392
16399
16426
16456
16538
16563
16587
16609
16659
16681
16703
16790
16834
16868
16975
17067
17143
17167
17168
17195
17269
17302
17309
17315
17338
17344
17354
17358
17374
17514
17528
17554
17656
17701
17736
17811
17816
17816
17827
17829
17872
17910
17916
17924
17932
17964
17983
17995
18025
18037
18062
18064
18112
18121
18122
18152
18191
18227
18227
18258
18291
18359
18359
18418
18502
18579
18607
18616
18622
18626
18701
18731
18819
18825
18832
18849
18868
18916
18967
18987
19019
19024
19066
19080
19136
19152
19183
19196
19206
19208
19224
19253
19287
19292
19295
19305
19350
19397
19493
19594
19606
19615
19641
19671
19693
19694
19707
19793
19818
19870
19902
19915
19935
19941
19948
19980
19990
20006
20030
20090
20098
20128
20154
20164
20179
20180
20202
20214
20256
20264
20372
20422
20460
20463
20465
20481
20556
20601
20611
20662
20765
20768
20780
20783
20819
20821
20828
20835
20862
20882
20910
21008
21009
21049
21070
21074
21084
21240
21256
21274
21350
21388
21481
21525
21530
21616
21654
21672
21763
21767
21833
21834
21847
21892
21915
21922
22028
22054
22056
22116
22136
22141
22201
22233
22339
22343
22488
22531
22576
22624
22652
22722
22739
22739
22826
22826
22845
22862
22946
22971
22976
22988
23082
23158
23252
23272
23319
23353
23390
23469
23483
23487
23573
23578
23620
23634
23669
23721
23769
23828
23835
23897
23922
23929
23939
23969
23999
24059
24098
24144
24186
24225
24231
24255
24325
24342
24432
24562
24575
24629
24660
24787
24809
24834
24855
24858
24915
24939
24941
25001
25012
25020
25098
25177
25199
25203
25277
25289
25290
25335
25358
25364
25427
25442
25466
25472
25586
25599
25611
25663
25670
25725
25727
25771
25804
25818
25847
25938
25955
25971
25988
26040
26090
26103
26106
26136
26139
26155
26160
26212
26224
26263
26273
26278
26408
26440
26488
26545
26569
26586
26604
26636
26710
26766
26784
26793
26831
26867
26878
26884
26887
26888
26912
27022
27062
27067
27081
27085
27109
27139
27156
27233
27260
27330
27342
27361
27388
27453
27525
27552
27558
27726
27747
27777
27798
27805
27830
27834
27897
27902
27946
28022
28044
28049
28053
28115
28183
28192
28194
28271
28301
28325
28326
28366
28428
28450
28509
28547
28598
28612
28654
28742
28880
28887
28903
28917
28924
28927
28966
28969
29019
29021
29101
29117
29157
29166
29202
29213
29215
29221
29312
29362
29454
29473
29504
29518
29619
29639
29643
29654
29683
29685
29687
29711
29775
29810
29817
29823
29861
29906
29956
29967
29971
29980
29981
30010
30015
30047
30052
30072
30089
30099
30100
30135
30151
30207
30298
30318
30346
30365
30371
30389
30396
30425
30442
30454
30477
30480
30483
30517
30562
30567
30580
30632
30641
30660
30691
30795
30864
30865
30875
30877
30889
30906
30939
31034
31123
31150
31167
31177
31260
31268
31271
31288
31305
31332
31381
31396
31442
31470
31654
31677
31698
31776
31813
31842
31842
31858
31882
31932
31962
31965
32027
32109
32171
32207
32284
32298
32303
32347
32381
32394
32398
32421
32422
32451
32463
32537
32636
32666
32747
