10000
1
2
5
7
11
12
14
22
23
29
33
36
39
40
45
55
56
60
66
74
74
77
79
85
89
92
94
97
98
110
111
112
119
126
129
131
133
136
138
139
141
141
145
145
156
166
167
170
174
178
182
184
188
192
192
192
209
209
212
214
214
215
216
216
216
218
231
231
232
236
236
237
244
249
255
257
269
270
272
280
281
286
288
304
308
310
317
320
325
327
329
332
334
335
335
335
336
336
343
346
357
369
370
376
382
386
387
393
394
394
402
403
405
407
408
409
410
411
421
421
423
425
431
436
439
439
444
446
452
454
460
470
476
483
487
489
492
492
493
495
496
508
514
521
523
523
535
536
539
544
545
550
552
556
564
574
592
596
601
603
605
606
608
609
609
611
611
613
616
618
620
626
627
631
634
634
636
637
638
639
642
648
648
649
654
656
657
666
669
669
670
676
678
683
695
699
699
701
701
710
713
714
718
720
720
721
722
731
733
733
734
735
739
739
740
740
753
755
756
756
759
759
772
775
776
782
783
784
785
793
795
804
809
810
812
813
816
818
818
821
821
823
825
826
836
838
839
843
847
849
852
852
859
860
860
862
865
867
872
888
889
902
902
903
917
917
921
924
931
932
938
938
944
948
950
952
953
954
960
962
963
967
975
976
991
994
994
995
998
999
999
1000
1005
1006
1006
1006
1006
1007
1008
1009
1009
1010
1011
1014
1015
1022
1022
1032
1034
1035
1037
1048
1051
1058
1064
1070
1072
1074
1074
1077
1077
1081
1083
1101
1102
1103
1108
1118
1127
1134
1138
1139
1139
1141
1142
1142
1148
1156
1157
1159
1162
1166
1167
1184
1185
1185
1188
1191
1191
1207
1208
1213
1213
1228
1228
1229
1232
1233
1234
1236
1236
1237
1239
1240
1242
1246
1260
1260
1264
1264
1265
1278
1278
1279
1281
1283
1283
1285
1295
1300
1301
1302
1303
1308
1310
1317
1323
1324
1326
1327
1327
1332
1334
1335
1337
1338
1340
1340
1346
1349
1350
1357
1360
1367
1371
1371
1375
1375
1377
1386
1387
1387
1393
1401
1402
1402
1403
1413
1419
1420
1425
1431
1439
1441
1444
1446
1447
1449
1454
1457
1461
1461
1464
1464
1466
1468
1472
1475
1479
1487
1490
1491
1496
1501
1510
1533
1537
1538
1542
1544
1544
1548
1562
1563
1569
1573
1573
1574
1576
1579
1580
1581
1583
1584
1585
1596
1598
1601
1605
1609
1610
1615
1620
1620
1621
1624
1628
1629
1631
1633
1637
1640
1640
1641
1644
1647
1657
1667
1667
1668
1668
1677
1680
1682
1684
1686
1687
1692
1694
1694
1696
1699
1699
1702
1703
1706
1707
1712
1718
1719
1720
1720
1730
1732
1733
1734
1736
1737
1739
1752
1754
1756
1760
1765
1769
1770
1771
1772
1779
1784
1784
1789
1796
1798
1799
1800
1801
1801
1810
1812
1815
1825
1833
1835
1841
1844
1845
1849
1857
1857
1862
1862
1866
1867
1868
1868
1881
1882
1883
1886
1886
1888
1889
1891
1903
1906
1906
1907
1908
1911
1917
1922
1926
1929
1940
1948
1949
1951
1953
1958
1960
1962
1962
1969
1970
1972
1975
1975
1979
1985
1989
1991
1994
1994
2000
2001
2003
2003
2003
2006
2007
2007
2022
2025
2027
2028
2029
2029
2032
2036
2038
2047
2052
2052
2055
2056
2059
2064
2066
2070
2070
2078
2078
2082
2089
2092
2100
2100
2110
2111
2111
2112
2117
2122
2123
2124
2127
2132
2134
2135
2141
2143
2144
2146
2147
2152
2154
2157
2158
2159
2170
2172
2176
2179
2183
2185
2189
2190
2192
2193
2193
2197
2206
2207
2213
2215
2228
2228
2232
2240
2245
2250
2254
2258
2266
2270
2270
2271
2278
2278
2279
2281
2284
2287
2291
2293
2309
2314
2316
2324
2326
2328
2329
2331
2336
2340
2344
2352
2360
2361
2363
2363
2364
2369
2369
2371
2376
2376
2379
2380
2382
2390
2390
2394
2394
2396
2397
2401
2403
2404
2406
2414
2415
2419
2423
2427
2434
2435
2435
2437
2438
2442
2444
2445
2445
2446
2450
2461
2463
2467
2467
2474
2484
2486
2490
2490
2493
2493
2494
2497
2499
2500
2503
2503
2505
2510
2513
2518
2518
2525
2526
2526
2527
2530
2534
2535
2537
2542
2544
2555
2565
2566
2570
2573
2576
2580
2608
2615
2616
2622
2626
2628
2628
2638
2640
2644
2653
2662
2672
2673
2677
2683
2686
2691
2691
2702
2709
2716
2716
2719
2723
2726
2727
2735
2745
2745
2747
2752
2766
2767
2779
2782
2783
2784
2785
2785
2792
2803
2810
2811
2814
2815
2816
2818
2820
2822
2824
2832
2833
2834
2839
2840
2845
2849
2853
2856
2857
2862
2862
2866
2867
2869
2871
2874
2876
2880
2881
2891
2899
2899
2901
2901
2915
2921
2932
2935
2937
2946
2947
2948
2948
2949
2950
2951
2954
2957
2962
2967
2974
2976
2981
2983
2984
2993
2993
2993
2998
3004
3004
3006
3015
3019
3028
3034
3036
3037
3045
3046
3050
3052
3057
3059
3059
3063
3063
3066
3066
3066
3067
3067
3068
3069
3070
3075
3075
3076
3088
3089
3091
3101
3104
3107
3109
3110
3110
3120
3130
3137
3140
3141
3143
3149
3152
3155
3156
3161
3169
3170
3178
3186
3187
3195
3197
3200
3200
3202
3209
3209
3212
3213
3213
3223
3226
3227
3236
3243
3243
3253
3254
3259
3263
3266
3270
3273
3275
3279
3289
3289
3290
3291
3293
3294
3294
3299
3303
3303
3305
3306
3307
3307
3309
3317
3318
3319
3325
3327
3329
3329
3331
3336
3344
3347
3348
3351
3360
3361
3361
3362
3366
3371
3373
3374
3375
3385
3385
3392
3397
3406
3409
3410
3415
3417
3418
3422
3424
3425
3435
3447
3449
3452
3455
3466
3471
3472
3475
3478
3483
3483
3485
3485
3487
3490
3491
3491
3494
3496
3497
3498
3500
3500
3501
3502
3502
3502
3503
3506
3509
3511
3513
3513
3515
3517
3527
3530
3530
3538
3545
3546
3547
3548
3549
3549
3565
3569
3575
3575
3576
3576
3577
3577
3588
3591
3600
3602
3602
3604
3606
3607
3607
3610
3611
3616
3616
3618
3618
3618
3621
3622
3623
3625
3630
3638
3643
3652
3652
3656
3657
3658
3664
3667
3668
3668
3668
3675
3676
3686
3687
3691
3695
3698
3701
3703
3705
3716
3717
3723
3723
3724
3724
3731
3747
3747
3753
3754
3756
3771
3772
3773
3775
3775
3787
3787
3789
3791
3792
3793
3796
3797
3806
3810
3811
3814
3815
3816
3819
3825
3826
3831
3833
3835
3836
3843
3844
3845
3849
3864
3865
3866
3870
3870
3873
3873
3875
3876
3877
3881
3897
3900
3905
3905
3907
3911
3914
3920
3921
3926
3932
3942
3942
3946
3951
3956
3958
3958
3960
3961
3963
3973
3977
3979
3980
3981
3983
3987
3991
3992
3993
3997
4004
4005
4009
4009
4019
4019
4024
4036
4040
4043
4045
4046
4047
4056
4060
4061
4071
4072
4074
4074
4075
4075
4080
4084
4085
4090
4104
4112
4116
4123
4123
4125
4127
4128
4133
4140
4140
4142
4143
4143
4146
4149
4157
4158
4158
4166
4169
4170
4171
4172
4175
4177
4178
4180
4180
4192
4202
4213
4213
4214
4217
4221
4230
4230
4232
4232
4236
4239
4240
4240
4240
4242
4242
4245
4253
4253
4258
4260
4263
4267
4283
4284
4289
4297
4298
4302
4302
4303
4306
4306
4309
4311
4315
4331
4333
4342
4345
4350
4355
4363
4363
4376
4377
4378
4378
4381
4385
4392
4392
4394
4395
4398
4399
4404
4405
4420
4421
4423
4425
4427
4428
4431
4441
4441
4442
4449
4450
4452
4458
4459
4459
4459
4460
4462
4463
4464
4466
4467
4469
4470
4472
4472
4472
4473
4474
4479
4479
4495
4502
4504
4508
4508
4511
4511
4514
4516
4531
4533
4534
4536
4537
4539
4541
4542
4543
4543
4544
4553
4559
4561
4573
4576
4577
4580
4580
4583
4588
4597
4597
4598
4598
4602
4603
4605
4606
4608
4610
4624
4625
4626
4628
4629
4631
4636
4639
4641
4643
4644
4653
4656
4669
4671
4671
4675
4676
4682
4692
4694
4700
4700
4700
4710
4710
4711
4712
4714
4718
4719
4720
4721
4722
4739
4742
4743
4752
4752
4754
4761
4764
4768
4779
4784
4788
4790
4794
4796
4800
4801
4801
4804
4804
4812
4812
4813
4816
4821
4822
4826
4829
4835
4835
4838
4845
4851
4851
4852
4852
4853
4856
4869
4870
4872
4875
4885
4887
4891
4891
4899
4908
4909
4915
4922
4925
4930
4931
4935
4941
4942
4942
4945
4945
4947
4948
4952
4954
4958
4959
4960
4968
4968
4970
4974
4977
4981
4984
4984
4986
4986
4990
4990
4991
4996
4997
5005
5006
5015
5016
5017
5024
5029
5030
5031
5035
5043
5056
5058
5069
5071
5072
5076
5076
5077
5082
5085
5086
5089
5094
5101
5105
5106
5112
5113
5116
5119
5125
5125
5127
5133
5141
5141
5142
5147
5148
5148
5155
5155
5156
5156
5159
5161
5172
5173
5174
5175
5178
5178
5184
5184
5186
5189
5190
5194
5199
5203
5204
5209
5210
5211
5213
5217
5220
5222
5223
5226
5227
5228
5230
5234
5241
5250
5256
5259
5264
5265
5271
5274
5275
5277
5279
5280
5282
5293
5294
5297
5297
5303
5310
5311
5315
5315
5320
5322
5327
5329
5331
5332
5333
5334
5337
5344
5345
5345
5347
5350
5351
5352
5352
5355
5356
5356
5359
5361
5361
5370
5370
5374
5378
5389
5390
5391
5395
5405
5406
5412
5416
5421
5423
5431
5438
5442
5449
5455
5455
5460
5466
5468
5470
5470
5473
5477
5480
5481
5482
5482
5485
5489
5500
5504
5504
5509
5509
5516
5523
5531
5533
5535
5536
5541
5556
5556
5556
5559
5563
5565
5570
5570
5576
5577
5578
5581
5598
5598
5604
5606
5608
5611
5612
5617
5620
5624
5626
5629
5629
5630
5633
5641
5648
5654
5655
5661
5668
5672
5680
5684
5685
5693
5695
5696
5706
5708
5712
5713
5715
5725
5725
5731
5736
5743
5746
5757
5757
5758
5759
5775
5777
5778
5782
5783
5786
5791
5797
5798
5800
5802
5802
5805
5810
5816
5820
5834
5840
5847
5848
5851
5855
5856
5857
5858
5861
5862
5863
5864
5867
5868
5868
5870
5870
5871
5872
5873
5876
5877
5878
5879
5879
5882
5882
5882
5882
5888
5903
5905
5907
5910
5915
5916
5918
5919
5921
5924
5925
5928
5934
5937
5952
5958
5961
5964
5964
5964
5965
5966
5971
5973
5974
5983
5985
5988
5991
5995
5998
6003
6004
6006
6007
6007
6009
6012
6012
6016
6021
6022
6023
6023
6038
6039
6042
6043
6049
6051
6051
6054
6063
6069
6070
6071
6071
6072
6074
6075
6082
6083
6084
6087
6089
6091
6096
6103
6103
6104
6105
6106
6109
6111
6111
6111
6112
6116
6116
6122
6126
6128
6130
6133
6140
6140
6143
6143
6148
6150
6152
6154
6156
6164
6165
6168
6170
6170
6173
6173
6175
6176
6177
6180
6196
6201
6203
6208
6224
6225
6230
6231
6235
6235
6235
6242
6250
6256
6261
6262
6262
6262
6264
6270
6271
6274
6274
6276
6280
6281
6282
6294
6295
6295
6298
6303
6313
6315
6320
6321
6322
6328
6328
6333
6334
6334
6335
6336
6337
6338
6349
6349
6351
6353
6360
6366
6367
6372
6383
6389
6390
6391
6406
6407
6415
6416
6417
6422
6428
6443
6443
6450
6462
6464
6471
6474
6477
6483
6484
6484
6484
6487
6496
6499
6502
6504
6507
6509
6510
6510
6510
6511
6514
6526
6526
6527
6532
6539
6543
6543
6543
6552
6559
6559
6564
6564
6567
6570
6571
6577
6578
6584
6585
6590
6591
6595
6597
6599
6600
6600
6606
6613
6615
6615
6621
6625
6630
6630
6630
6634
6634
6635
6635
6640
6646
6656
6667
6669
6672
6672
6680
6681
6684
6685
6687
6689
6696
6698
6698
6701
6703
6712
6718
6720
6721
6727
6728
6728
6732
6737
6742
6749
6749
6750
6751
6754
6763
6765
6765
6769
6776
6777
6777
6781
6782
6784
6785
6790
6791
6793
6794
6794
6795
6800
6810
6814
6819
6820
6821
6821
6824
6833
6842
6843
6863
6864
6864
6865
6870
6872
6874
6875
6876
6878
6878
6879
6879
6881
6882
6883
6883
6884
6885
6885
6885
6893
6893
6896
6897
6899
6902
6903
6903
6907
6921
6922
6923
6926
6931
6932
6938
6943
6951
6954
6956
6958
6961
6962
6965
6971
6972
6973
6979
6979
6980
6981
6982
6982
6982
6989
6990
6995
6995
6998
7000
7002
7004
7004
7004
7008
7008
7015
7016
7018
7023
7023
7028
7030
7030
7034
7037
7040
7046
7046
7051
7057
7068
7069
7072
7072
7076
7095
7096
7098
7100
7100
7103
7103
7104
7110
7111
7120
7123
7128
7134
7137
7146
7150
7156
7159
7162
7166
7167
7173
7175
7178
7181
7186
7187
7191
7192
7194
7194
7197
7203
7204
7206
7211
7216
7216
7218
7227
7228
7230
7232
7234
7235
7241
7245
7246
7247
7249
7252
7259
7263
7267
7273
7273
7276
7277
7280
7280
7281
7286
7295
7298
7298
7301
7303
7304
7304
7305
7305
7308
7309
7320
7327
7327
7330
7330
7332
7341
7346
7355
7359
7362
7368
7369
7370
7374
7379
7386
7388
7389
7391
7391
7398
7403
7404
7405
7407
7413
7417
7421
7421
7425
7427
7432
7432
7440
7443
7447
7447
7447
7453
7455
7456
7458
7459
7468
7470
7471
7473
7480
7481
7482
7484
7484
7484
7485
7488
7488
7489
7492
7495
7495
7496
7501
7502
7503
7507
7510
7513
7516
7519
7522
7528
7533
7537
7548
7549
7549
7550
7551
7554
7557
7559
7566
7567
7568
7575
7584
7588
7589
7590
7590
7595
7596
7597
7600
7604
7604
7606
7606
7608
7610
7614
7615
7616
7621
7621
7626
7628
7632
7635
7639
7640
7646
7647
7651
7657
7658
7661
7671
7677
7678
7680
7691
7696
7702
7703
7703
7704
7705
7708
7708
7709
7719
7720
7722
7725
7729
7731
7732
7733
7737
7743
7746
7751
7757
7761
7761
7776
7778
7778
7780
7781
7784
7800
7802
7803
7821
7823
7828
7831
7833
7837
7846
7846
7848
7849
7853
7859
7860
7865
7871
7872
7875
7876
7884
7886
7899
7901
7903
7907
7909
7910
7912
7913
7916
7921
7930
7931
7939
7942
7947
7957
7958
7959
7961
7965
7967
7969
7975
7978
7978
7978
7978
7979
7982
7988
7990
7991
7993
7996
8005
8013
8016
8025
8027
8036
8043
8043
8051
8052
8053
8056
8060
8070
8071
8075
8077
8080
8081
8084
8085
8086
8086
8086
8104
8107
8108
8111
8130
8131
8132
8135
8137
8140
8142
8146
8157
8158
8159
8165
8167
8169
8176
8179
8181
8184
8185
8187
8189
8193
8194
8196
8197
8203
8204
8207
8208
8213
8214
8216
8217
8229
8229
8236
8237
8242
8242
8244
8246
8258
8258
8258
8260
8260
8268
8269
8270
8271
8275
8279
8279
8283
8284
8287
8289
8293
8294
8297
8308
8309
8309
8311
8313
8315
8324
8330
8332
8333
8333
8334
8337
8339
8340
8343
8343
8345
8350
8353
8353
8355
8360
8365
8369
8369
8369
8370
8372
8374
8375
8376
8378
8380
8381
8381
8386
8388
8399
8404
8405
8409
8412
8413
8413
8415
8417
8418
8423
8426
8427
8429
8430
8443
8447
8450
8451
8452
8456
8457
8461
8462
8466
8468
8471
8475
8477
8482
8486
8490
8492
8494
8498
8501
8501
8507
8508
8510
8519
8519
8524
8526
8530
8534
8539
8540
8540
8541
8544
8545
8546
8548
8550
8552
8557
8565
8569
8569
8574
8575
8577
8583
8584
8593
8598
8600
8600
8602
8604
8606
8606
8609
8614
8625
8637
8638
8641
8643
8651
8652
8653
8658
8663
8667
8675
8676
8680
8682
8684
8684
8697
8698
8698
8707
8722
8724
8726
8727
8734
8738
8740
8741
8753
8757
8768
8769
8771
8771
8773
8773
8775
8777
8779
8782
8785
8786
8790
8792
8793
8799
8805
8808
8808
8812
8828
8830
8833
8835
8842
8843
8845
8850
8852
8854
8857
8858
8867
8875
8878
8879
8879
8884
8885
8887
8887
8894
8895
8896
8897
8898
8900
8901
8902
8906
8907
8909
8911
8912
8915
8919
8921
8923
8923
8929
8932
8934
8939
8943
8945
8949
8951
8952
8962
8962
8968
8968
8969
8974
8975
8979
8979
8985
8985
8990
8991
8995
8999
8999
9000
9001
9003
9006
9008
9008
9015
9019
9019
9019
9020
9024
9026
9027
9029
9030
9033
9043
9044
9046
9053
9057
9062
9064
9070
9070
9074
9075
9080
9082
9086
9088
9096
9096
9099
9101
9102
9106
9108
9113
9116
9118
9119
9120
9122
9122
9123
9124
9127
9130
9135
9137
9140
9142
9151
9153
9158
9158
9166
9167
9170
9173
9182
9185
9186
9189
9189
9194
9196
9200
9203
9203
9204
9206
9213
9216
9218
9231
9232
9233
9233
9233
9234
9247
9254
9260
9261
9263
9273
9274
9278
9280
9281
9285
9292
9292
9293
9293
9297
9298
9302
9302
9303
9303
9309
9315
9315
9317
9318
9319
9323
9326
9326
9339
9340
9341
9344
9348
9348
9350
9358
9362
9362
9364
9368
9368
9370
9371
9379
9386
9392
9393
9400
9403
9403
9405
9406
9410
9416
9422
9422
9424
9425
9426
9429
9440
9442
9443
9445
9446
9446
9452
9453
9455
9457
9463
9465
9465
9466
9467
9468
9468
9471
9472
9481
9482
9487
9489
9490
9492
9504
9504
9512
9514
9514
9521
9524
9528
9532
9537
9537
9540
9546
9550
9559
9561
9565
9569
9570
9582
9585
9585
9586
9587
9590
9590
9597
9597
9601
9605
9607
9607
9611
9615
9616
9617
9618
9621
9623
9627
9629
9634
9635
9639
9642
9645
9647
9649
9649
9654
9657
9661
9665
9666
9670
9672
9675
9687
9688
9689
9691
9691
9695
9695
9695
9696
9698
9709
9711
9716
9727
9727
9729
9733
9735
9736
9738
9740
9753
9757
9764
9766
9766
9771
9771
9773
9775
9777
9780
9781
9785
9790
9792
9793
9794
9795
9800
9800
9807
9809
9809
9810
9831
9831
9831
9832
9839
9843
9847
9848
9852
9854
9855
9862
9862
9863
9863
9863
9870
9872
9872
9874
9874
9877
9879
9882
9885
9888
9892
9893
9894
9897
9899
9902
9903
9903
9906
9909
9912
9919
9923
9928
9931
9940
9949
9950
9951
9952
9952
9954
9962
9962
9970
9973
9975
9979
9979
9982
9983
9987
9994
9999
10001
10004
10011
10012
10015
10019
10021
10023
10030
10032
10034
10041
10043
10043
10046
10046
10047
10047
10052
10055
10068
10075
10077
10079
10082
10083
10085
10090
10096
10099
10104
10105
10110
10114
10115
10120
10127
10127
10132
10133
10136
10137
10143
10147
10150
10150
10151
10153
10157
10164
10167
10167
10167
10172
10176
10178
10180
10183
10186
10190
10197
10199
10204
10204
10216
10220
10221
10227
10231
10235
10242
10245
10252
10254
10259
10265
10267
10269
10269
10271
10272
10273
10274
10276
10276
10280
10283
10283
10283
10286
10286
10290
10290
10295
10299
10303
10307
10309
10311
10315
10318
10322
10322
10322
10330
10332
10335
10336
10338
10339
10341
10343
10343
10344
10345
10346
10346
10359
10361
10361
10367
10374
10382
10389
10391
10392
10392
10394
10395
10396
10396
10397
10398
10400
10401
10402
10404
10406
10409
10411
10415
10417
10420
10425
10429
10431
10433
10435
10444
10444
10446
10448
10453
10453
10456
10457
10463
10466
10468
10469
10472
10474
10480
10483
10485
10489
10491
10494
10495
10495
10500
10500
10501
10505
10509
10515
10515
10517
10522
10525
10526
10528
10532
10537
10541
10542
10546
10559
10560
10560
10565
10567
10571
10571
10577
10583
10588
10595
10597
10605
10608
10615
10617
10618
10618
10621
10627
10631
10632
10636
10642
10643
10647
10648
10650
10651
10656
10657
10658
10658
10660
10661
10662
10663
10663
10667
10667
10669
10677
10680
10694
10698
10699
10699
10720
10722
10731
10731
10731
10732
10732
10733
10735
10735
10742
10744
10744
10744
10747
10754
10759
10759
10764
10767
10768
10770
10771
10772
10779
10782
10787
10792
10792
10796
10796
10799
10800
10802
10807
10807
10816
10824
10825
10825
10825
10827
10831
10833
10846
10849
10851
10852
10855
10867
10867
10869
10871
10873
10877
10879
10880
10881
10881
10891
10897
10898
10898
10907
10915
10915
10922
10923
10929
10933
10934
10938
10938
10942
10944
10951
10951
10952
10959
10962
10964
10966
10973
10975
10981
10982
10984
10990
10991
10994
10996
11000
11007
11016
11029
11033
11035
11040
11042
11049
11050
11056
11063
11065
11067
11067
11068
11076
11078
11078
11078
11089
11090
11093
11099
11100
11103
11105
11107
11107
11111
11118
11118
11119
11121
11126
11127
11133
11135
11136
11136
11140
11143
11151
11155
11164
11165
11166
11170
11171
11172
11173
11177
11177
11177
11179
11183
11186
11187
11188
11190
11194
11197
11197
11200
11207
11211
11218
11220
11225
11228
11229
11242
11242
11245
11249
11258
11259
11262
11265
11266
11268
11270
11275
11278
11286
11286
11288
11288
11291
11292
11292
11300
11301
11311
11314
11317
11320
11325
11332
11332
11342
11343
11346
11346
11353
11353
11354
11358
11362
11365
11367
11368
11374
11379
11383
11390
11395
11398
11400
11403
11404
11405
11414
11417
11419
11419
11427
11429
11432
11435
11435
11445
11455
11459
11467
11468
11469
11471
11473
11484
11484
11485
11488
11488
11496
11498
11498
11505
11505
11507
11513
11517
11519
11520
11520
11523
11531
11531
11533
11535
11537
11537
11538
11541
11542
11550
11552
11554
11557
11570
11572
11576
11587
11588
11588
11591
11604
11610
11612
11616
11618
11620
11621
11621
11624
11635
11639
11643
11650
11652
11653
11653
11653
11654
11655
11656
11659
11660
11663
11665
11667
11675
11678
11680
11683
11684
11686
11687
11688
11689
11693
11694
11695
11697
11700
11700
11709
11715
11718
11722
11722
11723
11730
11735
11736
11737
11744
11745
11745
11746
11747
11755
11757
11760
11770
11781
11782
11784
11784
11788
11791
11793
11794
11808
11813
11814
11816
11819
11824
11825
11826
11829
11830
11835
11836
11837
11838
11840
11844
11850
11853
11855
11857
11863
11869
11869
11872
11876
11879
11883
11884
11887
11903
11911
11915
11927
11935
11944
11948
11952
11952
11953
11975
11977
11981
11986
11988
11989
11995
12025
12029
12040
12043
12045
12046
12053
12054
12059
12071
12077
12077
12078
12086
12088
12095
12095
12102
12102
12103
12104
12105
12110
12112
12118
12120
12120
12123
12125
12131
12135
12137
12142
12144
12145
12145
12146
12148
12148
12151
12159
12164
12169
12170
12177
12179
12181
12181
12193
12193
12194
12196
12200
12203
12207
12213
12218
12224
12230
12234
12243
12245
12248
12259
12262
12262
12262
12263
12264
12264
12272
12273
12283
12291
12295
12296
12301
12304
12309
12312
12320
12321
12327
12327
12329
12331
12342
12349
12350
12353
12354
12357
12361
12361
12362
12363
12364
12366
12373
12376
12381
12384
12384
12392
12392
12394
12397
12398
12399
12404
12406
12409
12414
12416
12418
12419
12433
12437
12439
12447
12448
12448
12449
12453
12455
12458
12462
12470
12485
12485
12488
12490
12497
12498
12504
12514
12515
12515
12517
12519
12519
12528
12528
12530
12531
12534
12534
12545
12546
12548
12549
12554
12556
12556
12557
12560
12561
12567
12571
12573
12577
12578
12586
12587
12590
12595
12596
12598
12602
12603
12606
12608
12609
12614
12615
12618
12619
12622
12624
12624
12627
12630
12634
12652
12654
12661
12662
12665
12665
12673
12674
12680
12681
12682
12687
12688
12693
12700
12703
12704
12705
12707
12708
12708
12709
12717
12718
12718
12719
12720
12729
12730
12734
12735
12735
12737
12739
12742
12745
12748
12753
12755
12759
12761
12766
12771
12771
12771
12774
12775
12776
12781
12783
12784
12788
12788
12794
12794
12798
12799
12801
12807
12810
12812
12812
12812
12815
12817
12820
12825
12827
12831
12832
12836
12836
12837
12838
12839
12844
12845
12858
12861
12862
12863
12865
12868
12868
12870
12873
12873
12876
12882
12885
12886
12887
12887
12893
12894
12898
12899
12899
12908
12919
12923
12925
12926
12926
12930
12931
12932
12934
12934
12934
12938
12946
12948
12949
12950
12952
12954
12956
12957
12958
12962
12965
12973
12978
12982
12985
12986
12990
12993
12997
12999
13008
13015
13016
13017
13025
13026
13028
13031
13031
13036
13036
13037
13040
13041
13045
13050
13051
13053
13067
13071
13073
13089
13092
13097
13097
13098
13101
13104
13104
13125
13127
13129
13129
13134
13137
13142
13143
13148
13149
13152
13153
13154
13156
13160
13161
13165
13165
13166
13167
13170
13178
13178
13179
13179
13186
13188
13196
13197
13210
13213
13219
13220
13225
13226
13229
13233
13236
13244
13245
13247
13247
13248
13249
13250
13251
13251
13251
13251
13254
13256
13262
13274
13275
13277
13284
13285
13287
13289
13290
13294
13295
13297
13300
13300
13300
13301
13302
13309
13319
13323
13323
13335
13335
13336
13337
13341
13342
13344
13346
13346
13347
13348
13353
13362
13365
13368
13373
13376
13377
13378
13378
13386
13386
13390
13392
13392
13394
13394
13396
13400
13401
13407
13408
13409
13410
13412
13418
13425
13427
13436
13437
13445
13455
13456
13457
13459
13466
13468
13470
13474
13483
13493
13494
13500
13502
13515
13516
13516
13517
13521
13522
13528
13528
13532
13534
13542
13543
13544
13545
13547
13548
13555
13556
13565
13566
13567
13574
13575
13578
13580
13582
13586
13591
13593
13600
13601
13608
13611
13620
13621
13626
13626
13627
13630
13631
13638
13639
13639
13640
13653
13654
13658
13659
13661
13663
13668
13672
13674
13674
13682
13684
13687
13692
13693
13696
13701
13706
13707
13708
13711
13713
13714
13721
13725
13727
13729
13730
13730
13739
13740
13743
13743
13744
13747
13750
13753
13758
13766
13785
13786
13792
13797
13800
13804
13805
13806
13811
13812
13813
13814
13819
13819
13823
13824
13827
13831
13838
13843
13852
13853
13853
13854
13858
13859
13863
13866
13872
13874
13876
13884
13888
13893
13894
13896
13896
13897
13903
13905
13907
13912
13914
13922
13922
13924
13927
13928
13928
13930
13930
13941
13943
13945
13951
13952
13954
13957
13958
13959
13960
13961
13962
13963
13965
13973
13978
13982
13983
13985
13988
13988
13989
13994
14002
14004
14005
14008
14011
14011
14012
14012
14012
14015
14015
14020
14022
14023
14026
14030
14030
14037
14038
14044
14045
14053
14058
14058
14062
14065
14067
14068
14071
14071
14073
14074
14078
14079
14088
14089
14095
14100
14102
14105
14108
14111
14112
14115
14129
14130
14136
14152
14153
14163
14163
14165
14167
14174
14174
14174
14174
14180
14181
14181
14181
14187
14194
14197
14198
14199
14203
14210
14213
14215
14218
14223
14234
14236
14240
14244
14247
14249
14261
14263
14264
14266
14269
14274
14278
14285
14295
14298
14299
14300
14305
14306
14311
14316
14317
14317
14325
14326
14329
14330
14337
14339
14344
14345
14348
14351
14357
14363
14365
14366
14378
14378
14386
14388
14393
14394
14401
14404
14408
14408
14414
14414
14420
14423
14423
14430
14434
14438
14439
14442
14443
14444
14446
14448
14448
14452
14460
14461
14465
14473
14479
14487
14487
14490
14492
14492
14493
14497
14497
14498
14500
14500
14509
14510
14514
14519
14520
14522
14531
14533
14536
14541
14542
14542
14544
14547
14549
14552
14554
14557
14558
14560
14564
14573
14573
14576
14577
14578
14579
14582
14583
14585
14587
14587
14593
14593
14597
14598
14598
14599
14600
14601
14602
14603
14607
14607
14608
14612
14617
14623
14628
14628
14629
14632
14633
14634
14635
14640
14640
14645
14646
14647
14654
14662
14666
14668
14669
14682
14682
14685
14688
14696
14701
14703
14704
14704
14705
14717
14720
14723
14725
14728
14732
14739
14741
14742
14745
14745
14747
14747
14751
14754
14755
14757
14758
14758
14764
14764
14767
14768
14769
14771
14776
14781
14793
14794
14797
14797
14806
14808
14810
14821
14828
14828
14828
14829
14833
14836
14839
14848
14851
14851
14851
14853
14857
14858
14862
14863
14867
14871
14875
14878
14885
14886
14891
14893
14904
14918
14929
14934
14940
14941
14943
14956
14971
14972
14973
14974
14974
14976
14976
14979
14980
14980
14981
14983
14983
14986
14987
14993
14994
14996
14996
14999
14999
15000
15013
15017
15020
15020
15021
15024
15029
15032
15034
15042
15046
15047
15048
15050
15064
15075
15076
15080
15081
15082
15085
15087
15091
15094
15096
15121
15124
15125
15127
15132
15134
15137
15137
15142
15146
15146
15149
15152
15152
15165
15169
15172
15176
15176
15179
15181
15185
15186
15198
15201
15203
15206
15211
15211
15212
15213
15218
15223
15228
15231
15234
15239
15240
15244
15260
15260
15260
15264
15265
15267
15267
15271
15275
15276
15283
15283
15285
15287
15288
15290
15293
15300
15313
15314
15318
15328
15333
15340
15342
15345
15346
15350
15352
15356
15359
15366
15367
15368
15370
15371
15377
15381
15382
15386
15388
15394
15396
15400
15401
15401
15402
15406
15411
15423
15424
15426
15428
15428
15430
15432
15433
15435
15436
15439
15439
15440
15447
15447
15450
15455
15455
15457
15457
15461
15463
15468
15471
15476
15482
15484
15493
15494
15495
15504
15510
15514
15516
15519
15525
15535
15540
15542
15546
15548
15551
15553
15554
15559
15560
15560
15563
15569
15572
15574
15576
15584
15585
15586
15588
15595
15597
15600
15600
15601
15613
15614
15618
15619
15625
15625
15626
15629
15630
15632
15633
15633
15637
15638
15645
15646
15648
15650
15655
15656
15659
15660
15662
15665
15666
15669
15670
15670
15671
15673
15675
15680
15681
15682
15693
15704
15706
15709
15711
15718
15719
15720
15721
15723
15724
15726
15731
15732
15735
15736
15742
15742
15757
15760
15761
15773
15779
15781
15781
15786
15788
15793
15798
15799
15809
15811
15816
15822
15826
15829
15829
15834
15836
15839
15839
15843
15845
15846
15846
15848
15853
15860
15861
15862
15864
15869
15872
15873
15874
15879
15883
15889
15895
15902
15902
15904
15905
15911
15919
15923
15928
15929
15932
15939
15942
15945
15947
15949
15954
15961
15963
15964
15964
15967
15970
15971
15974
15975
15986
15993
15996
15998
15999
16001
16001
16001
16001
16005
16008
16008
16009
16010
16015
16016
16021
16021
16023
16027
16031
16032
16034
16045
16046
16052
16057
16068
16069
16070
16071
16075
16079
16090
16090
16091
16092
16093
16093
16094
16095
16099
16101
16104
16104
16104
16106
16108
16108
16113
16114
16116
16117
16117
16123
16124
16125
16130
16132
16140
16141
16143
16147
16152
16160
16164
16168
16175
16177
16181
16184
16186
16188
16193
16199
16200
16204
16205
16206
16211
16222
16224
16224
16228
16229
16229
16243
16250
16254
16255
16257
16260
16261
16264
16270
16270
16275
16275
16276
16278
16279
16286
16286
16288
16289
16290
16298
16300
16302
16302
16304
16310
16311
16312
16312
16314
16316
16318
16321
16325
16329
16330
16332
16333
16334
16335
16336
16339
16342
16342
16354
16354
16356
16358
16361
16374
16377
16377
16378
16378
16379
16384
16387
16392
16399
16403
16404
16404
16407
16408
16413
16415
16419
16421
16422
16424
16427
16431
16445
16447
16457
16457
16458
16462
16464
16465
16465
16468
16468
16472
16481
16481
16483
16492
16492
16493
16493
16497
16505
16509
16514
16520
16522
16523
16526
16528
16530
16532
16533
16534
16537
16538
16540
16541
16547
16548
16549
16551
16552
16552
16553
16554
16557
16565
16568
16573
16574
16578
16582
16584
16585
16586
16594
16598
16599
16599
16599
16599
16602
16603
16603
16604
16610
16612
16615
16619
16635
16638
16638
16638
16641
16647
16653
16654
16658
16662
16670
16673
16677
16683
16683
16685
16685
16692
16702
16704
16712
16712
16714
16716
16717
16721
16724
16729
16733
16736
16736
16736
16740
16743
16750
16755
16762
16763
16764
16765
16766
16774
16782
16783
16791
16798
16799
16807
16808
16809
16811
16813
16813
16818
16819
16820
16825
16826
16829
16832
16838
16838
16860
16863
16866
16869
16886
16886
16899
16904
16913
16916
16917
16919
16921
16922
16928
16929
16935
16935
16936
16942
16943
16945
16946
16947
16949
16949
16950
16950
16951
16958
16971
16975
16980
16982
16988
16989
16991
16992
16993
16994
16994
16994
16994
16999
17003
17006
17006
17009
17010
17012
17018
17024
17034
17036
17037
17047
17051
17056
17057
17062
17068
17075
17075
17076
17076
17079
17079
17080
17080
17084
17087
17090
17095
17100
17101
17102
17102
17104
17105
17106
17107
17113
17117
17119
17130
17141
17146
17151
17152
17158
17158
17160
17161
17176
17177
17183
17187
17195
17199
17202
17208
17210
17216
17217
17221
17224
17233
17233
17241
17244
17251
17252
17260
17260
17266
17274
17288
17288
17291
17292
17294
17294
17296
17304
17307
17311
17312
17313
17313
17314
17316
17324
17325
17325
17327
17328
17331
17331
17336
17343
17350
17384
17385
17387
17389
17396
17396
17397
17407
17409
17410
17412
17413
17419
17423
17424
17426
17438
17443
17453
17454
17458
17460
17461
17464
17466
17470
17471
17474
17476
17476
17481
17483
17485
17494
17501
17504
17514
17516
17519
17522
17525
17529
17530
17533
17538
17539
17540
17541
17543
17549
17550
17550
17551
17551
17554
17556
17557
17558
17561
17564
17568
17574
17575
17577
17577
17578
17581
17582
17591
17595
17596
17597
17599
17600
17600
17606
17609
17614
17624
17625
17635
17637
17638
17639
17639
17645
17645
17648
17654
17654
17663
17663
17668
17673
17678
17692
17694
17706
17707
17710
17714
17718
17719
17724
17724
17726
17730
17733
17735
17739
17746
17748
17752
17754
17755
17756
17759
17763
17764
17769
17772
17772
17774
17776
17779
17790
17798
17800
17802
17808
17809
17810
17811
17814
17815
17815
17822
17823
17833
17834
17839
17844
17853
17855
17855
17862
17864
17866
17867
17867
17871
17873
17873
17876
17879
17886
17886
17890
17897
17901
17901
17902
17904
17906
17908
17909
17912
17913
17915
17925
17930
17933
17936
17939
17944
17950
17956
17956
17956
17967
17980
17987
17995
17995
18005
18006
18008
18013
18014
18015
18015
18016
18016
18016
18022
18023
18026
18027
18029
18034
18038
18040
18047
18047
18054
18058
18058
18062
18064
18066
18068
18075
18077
18083
18085
18086
18087
18099
18102
18104
18111
18111
18121
18126
18132
18133
18133
18137
18139
18140
18142
18142
18150
18151
18156
18158
18162
18163
18164
18170
18171
18176
18177
18177
18184
18192
18196
18201
18202
18205
18209
18211
18212
18214
18215
18216
18220
18220
18223
18225
18228
18231
18231
18232
18233
18241
18241
18243
18253
18253
18258
18266
18268
18268
18271
18275
18275
18277
18279
18283
18286
18286
18292
18301
18306
18309
18310
18311
18311
18315
18319
18321
18326
18328
18331
18332
18340
18343
18353
18353
18360
18360
18366
18372
18372
18379
18380
18385
18387
18388
18398
18411
18416
18416
18417
18421
18422
18422
18423
18424
18424
18425
18435
18436
18439
18439
18444
18452
18457
18466
18470
18473
18473
18474
18474
18475
18476
18477
18487
18487
18490
18494
18495
18497
18497
18498
18505
18506
18508
18520
18520
18520
18522
18522
18524
18551
18552
18557
18559
18565
18568
18569
18573
18574
18578
18581
18581
18586
18589
18592
18592
18593
18594
18601
18606
18617
18618
18619
18621
18628
18629
18630
18630
18632
18633
18636
18639
18643
18659
18660
18668
18668
18670
18670
18671
18679
18680
18680
18682
18682
18686
18686
18686
18687
18687
18687
18688
18689
18701
18704
18708
18709
18718
18721
18724
18724
18727
18740
18742
18748
18749
18750
18751
18753
18760
18761
18762
18763
18764
18765
18768
18769
18772
18774
18774
18779
18785
18788
18791
18793
18795
18796
18796
18796
18798
18799
18805
18808
18808
18809
18812
18814
18815
18820
18821
18822
18823
18823
18828
18833
18839
18845
18846
18851
18851
18856
18857
18858
18859
18864
18869
18877
18877
18883
18883
18883
18885
18888
18891
18894
18895
18896
18897
18902
18907
18908
18917
18922
18923
18926
18929
18935
18939
18944
18945
18948
18949
18949
18957
18957
18957
18964
18965
18969
18969
18975
18982
18987
18992
18993
18998
18998
18998
19003
19003
19006
19007
19009
19010
19012
19012
19016
19016
19017
19018
19019
19022
19025
19027
19033
19033
19043
19049
19051
19053
19057
19059
19061
19065
19066
19070
19071
19072
19074
19075
19079
19085
19085
19086
19089
19090
19092
19093
19094
19095
19096
19097
19099
19102
19103
19115
19115
19121
19123
19123
19125
19127
19128
19138
19139
19142
19143
19148
19149
19150
19154
19157
19157
19161
19162
19163
19164
19168
19172
19173
19181
19183
19185
19192
19193
19193
19198
19199
19199
19203
19204
19209
19213
19215
19221
19224
19226
19226
19230
19230
19231
19234
19236
19240
19243
19246
19246
19253
19256
19259
19260
19261
19264
19270
19272
19276
19278
19279
19282
19287
19294
19296
19302
19302
19303
19305
19308
19308
19309
19309
19311
19313
19314
19318
19327
19328
19334
19341
19343
19349
19350
19371
19382
19382
19383
19388
19390
19390
19391
19399
19402
19404
19410
19410
19420
19428
19431
19436
19440
19445
19449
19456
19456
19457
19457
19461
19465
19470
19477
19488
19489
19493
19495
19497
19498
19512
19515
19516
19521
19524
19528
19533
19536
19537
19546
19551
19560
19561
19562
19564
19564
19571
19574
19575
19576
19585
19586
19586
19594
19595
19597
19602
19610
19611
19612
19614
19617
19619
19628
19633
19636
19640
19646
19650
19655
19658
19658
19659
19659
19666
19666
19669
19670
19672
19675
19676
19680
19681
19681
19682
19695
19697
19700
19702
19706
19707
19710
19717
19724
19725
19729
19731
19731
19733
19735
19735
19736
19742
19749
19750
19756
19757
19757
19761
19761
19765
19774
19778
19778
19784
19791
19806
19816
19819
19823
19824
19830
19832
19836
19836
19839
19842
19844
19847
19849
19850
19850
19852
19852
19858
19859
19859
19862
19864
19865
19876
19877
19882
19892
19895
19898
19903
19903
19910
19912
19912
19920
19920
19928
19928
19929
19929
19930
19930
19931
19933
19936
19941
19943
19947
19951
19953
19953
19956
19957
19958
19958
19960
19961
19964
19972
19976
19980
19982
19986
19991
19992
19992
19993
19993
19997
20002
20003
20006
20007
20011
20011
20015
20016
20017
20018
20020
20026
20033
20034
20034
20042
20045
20045
20045
20050
20057
20060
20068
20072
20074
20076
20081
20082
20084
20084
20087
20089
20089
20090
20098
20119
20126
20129
20133
20133
20142
20144
20144
20151
20158
20159
20171
20171
20172
20172
20173
20173
20175
20175
20177
20178
20183
20184
20185
20187
20196
20203
20204
20213
20213
20214
20214
20214
20215
20215
20215
20220
20225
20227
20233
20236
20237
20240
20240
20255
20261
20264
20270
20274
20275
20280
20291
20291
20291
20296
20300
20302
20307
20308
20311
20318
20321
20322
20329
20331
20332
20335
20337
20339
20342
20347
20347
20350
20352
20353
20358
20366
20369
20374
20376
20376
20377
20377
20379
20379
20388
20391
20395
20398
20398
20401
20405
20409
20415
20430
20439
20441
20441
20442
20443
20443
20444
20444
20450
20452
20452
20459
20462
20462
20464
20472
20483
20484
20496
20496
20496
20499
20504
20505
20511
20519
20520
20524
20527
20528
20529
20530
20534
20538
20539
20545
20546
20546
20548
20550
20558
20564
20565
20568
20569
20576
20577
20577
20577
20588
20592
20598
20598
20602
20603
20604
20622
20624
20626
20631
20631
20637
20645
20651
20656
20659
20663
20673
20673
20676
20676
20680
20684
20692
20694
20701
20704
20708
20713
20714
20727
20727
20729
20732
20737
20739
20740
20744
20746
20748
20749
20749
20759
20765
20777
20788
20789
20791
20798
20807
20812
20812
20817
20817
20819
20823
20825
20827
20828
20833
20833
20834
20840
20841
20853
20857
20859
20861
20871
20881
20883
20887
20895
20896
20899
20899
20900
20901
20908
20920
20924
20932
20933
20933
20936
20938
20939
20948
20948
20949
20952
20957
20958
20960
20961
20962
20965
20968
20970
20971
20974
20981
20983
20984
20985
20985
20990
20992
20996
20998
20998
21002
21003
21010
21011
21013
21014
21015
21020
21021
21023
21024
21027
21027
21028
21034
21040
21042
21045
21047
21053
21059
21059
21064
21064
21071
21072
21076
21078
21078
21079
21080
21082
21083
21092
21105
21108
21110
21111
21111
21117
21117
21120
21128
21135
21137
21138
21139
21141
21142
21145
21149
21150
21157
21157
21159
21159
21164
21171
21171
21173
21173
21175
21190
21190
21193
21195
21197
21197
21200
21208
21212
21215
21216
21218
21226
21227
21237
21237
21238
21238
21246
21248
21249
21251
21253
21260
21264
21265
21269
21269
21270
21276
21277
21279
21285
21285
21292
21298
21299
21300
21305
21309
21310
21313
21314
21326
21332
21333
21343
21346
21355
21361
21361
21362
21363
21366
21376
21378
21380
21383
21384
21384
21386
21395
21397
21403
21409
21414
21418
21421
21433
21433
21437
21440
21442
21443
21445
21447
21447
21447
21452
21458
21458
21459
21459
21466
21473
21482
21491
21492
21498
21511
21513
21515
21517
21518
21520
21521
21523
21526
21528
21532
21532
21535
21536
21536
21538
21543
21544
21551
21557
21563
21568
21569
21569
21570
21572
21591
21594
21598
21599
21601
21606
21608
21608
21613
21613
21616
21619
21620
21625
21628
21635
21635
21641
21643
21643
21644
21649
21654
21656
21657
21658
21660
21675
21680
21688
21688
21693
21694
21698
21702
21704
21704
21705
21705
21706
21707
21707
21711
21712
21717
21719
21724
21729
21731
21737
21745
21746
21751
21754
21758
21760
21775
21782
21784
21784
21795
21797
21799
21800
21802
21813
21815
21816
21816
21817
21823
21826
21828
21831
21840
21847
21857
21859
21860
21860
21860
21861
21864
21873
21873
21883
21888
21889
21899
21900
21901
21904
21906
21907
21909
21912
21925
21928
21945
21945
21948
21950
21953
21955
21956
21970
21975
21979
21983
21986
21986
21987
21996
21997
21998
22000
22004
22006
22007
22008
22009
22014
22014
22018
22019
22023
22024
22025
22026
22033
22033
22034
22036
22037
22043
22043
22047
22053
22056
22059
22061
22065
22071
22073
22074
22074
22079
22082
22083
22087
22091
22096
22097
22098
22101
22105
22108
22111
22111
22113
22115
22116
22117
22125
22126
22131
22132
22132
22134
22135
22137
22138
22141
22143
22144
22146
22149
22157
22157
22164
22168
22173
22174
22177
22180
22185
22193
22198
22199
22212
22213
22238
22241
22242
22244
22247
22249
22252
22253
22257
22258
22259
22260
22263
22264
22265
22267
22269
22275
22277
22278
22279
22283
22286
22289
22293
22296
22299
22304
22309
22312
22323
22324
22327
22328
22338
22342
22343
22345
22346
22352
22356
22358
22360
22360
22365
22365
22367
22367
22373
22376
22382
22383
22392
22396
22398
22405
22407
22411
22416
22418
22419
22436
22437
22447
22447
22448
22465
22470
22472
22474
22477
22480
22482
22483
22489
22489
22501
22503
22504
22506
22510
22517
22522
22524
22529
22534
22549
22550
22551
22551
22553
22556
22562
22563
22568
22571
22574
22574
22576
22578
22582
22585
22586
22589
22589
22592
22595
22596
22597
22606
22606
22608
22608
22612
22613
22617
22618
22623
22624
22627
22627
22628
22632
22636
22640
22642
22648
22649
22650
22651
22653
22659
22660
22665
22666
22666
22666
22671
22678
22686
22689
22689
22693
22695
22696
22707
22717
22722
22724
22731
22735
22740
22751
22757
22759
22766
22772
22772
22775
22776
22780
22789
22792
22799
22801
22807
22814
22815
22817
22821
22824
22826
22827
22829
22831
22836
22837
22846
22849
22850
22851
22852
22855
22857
22858
22859
22866
22866
22867
22868
22868
22868
22869
22869
22875
22883
22891
22893
22893
22901
22905
22908
22909
22914
22916
22918
22918
22918
22919
22920
22920
22921
22923
22929
22931
22936
22941
22943
22953
22957
22960
22962
22965
22969
22970
22974
22974
22977
22979
22986
22987
22991
23001
23002
23004
23005
23006
23006
23006
23007
23010
23010
23012
23014
23021
23052
23054
23054
23055
23058
23058
23060
23061
23067
23068
23069
23071
23071
23078
23080
23081
23089
23100
23104
23114
23114
23117
23120
23122
23125
23130
23131
23132
23133
23137
23143
23145
23146
23156
23161
23164
23165
23172
23176
23179
23181
23184
23185
23186
23190
23192
23193
23194
23195
23196
23199
23200
23201
23203
23205
23206
23210
23211
23213
23215
23217
23219
23222
23226
23236
23238
23238
23239
23242
23246
23249
23250
23256
23265
23269
23280
23281
23284
23287
23290
23293
23300
23311
23316
23317
23318
23325
23329
23330
23330
23333
23335
23337
23338
23349
23349
23350
23350
23353
23356
23364
23367
23373
23387
23390
23390
23394
23399
23401
23401
23403
23405
23406
23410
23410
23410
23413
23417
23421
23423
23426
23427
23443
23444
23449
23456
23460
23461
23462
23465
23470
23470
23471
23471
23471
23476
23486
23488
23488
23492
23494
23495
23500
23500
23501
23502
23503
23508
23510
23517
23517
23525
23526
23540
23542
23544
23547
23550
23560
23561
23562
23564
23566
23567
23571
23574
23578
23578
23585
23585
23586
23587
23589
23594
23597
23597
23598
23601
23607
23611
23611
23613
23617
23617
23620
23621
23621
23625
23630
23634
23637
23644
23649
23661
23665
23666
23669
23671
23671
23672
23674
23680
23687
23690
23691
23692
23695
23695
23705
23713
23718
23722
23724
23725
23725
23725
23727
23728
23733
23741
23749
23751
23755
23759
23759
23765
23767
23770
23775
23783
23786
23787
23793
23801
23802
23803
23804
23811
23811
23814
23814
23814
23816
23819
23824
23830
23832
23832
23833
23834
23836
23836
23839
23839
23846
23848
23852
23854
23856
23861
23870
23877
23877
23885
23889
23893
23896
23900
23903
23905
23916
23920
23921
23923
23926
23933
23935
23936
23936
23936
23937
23942
23951
23953
23954
23957
23961
23963
23964
23971
23974
23977
23981
23983
23986
23988
23990
23992
23995
23996
24006
24013
24014
24015
24026
24029
24029
24034
24037
24043
24045
24047
24048
24050
24051
24056
24059
24060
24066
24067
24075
24078
24080
24084
24086
24086
24093
24093
24095
24102
24112
24112
24114
24120
24126
24130
24133
24134
24136
24137
24141
24145
24146
24147
24149
24152
24154
24157
24160
24164
24166
24167
24171
24172
24177
24183
24184
24185
24188
24188
24188
24191
24191
24195
24197
24202
24203
24208
24216
24222
24223
24228
24230
24235
24240
24243
24246
24247
24253
24255
24258
24260
24262
24267
24274
24281
24281
24283
24284
24289
24293
24294
24300
24306
24308
24310
24322
24324
24336
24337
24342
24344
24350
24357
24363
24368
24369
24370
24371
24384
24386
24386
24397
24403
24405
24408
24408
24408
24412
24426
24435
24435
24435
24437
24442
24443
24444
24452
24452
24456
24459
24468
24470
24476
24483
24484
24490
24491
24498
24498
24507
24507
24512
24516
24519
24523
24526
24526
24527
24533
24533
24533
24536
24537
24538
24542
24542
24544
24548
24551
24553
24555
24559
24563
24563
24563
24565
24570
24572
24577
24577
24577
24582
24584
24585
24586
24590
24595
24598
24600
24605
24606
24606
24608
24609
24617
24619
24621
24629
24630
24633
24634
24637
24638
24642
24644
24646
24650
24659
24664
24674
24678
24678
24683
24691
24691
24700
24700
24701
24701
24707
24713
24714
24715
24716
24717
24721
24723
24727
24731
24735
24738
24743
24745
24748
24753
24759
24760
24763
24765
24767
24769
24784
24801
24802
24804
24806
24807
24808
24811
24814
24816
24819
24829
24830
24840
24847
24862
24864
24870
24877
24878
24882
24890
24893
24896
24900
24905
24908
24908
24911
24912
24918
24919
24923
24923
24926
24929
24929
24938
24946
24946
24950
24953
24953
24955
24957
24961
24966
24966
24972
24975
24975
24978
24985
24985
24988
24993
24995
24996
25000
25003
25005
25007
25010
25010
25012
25018
25019
25020
25021
25022
25025
25027
25031
25033
25037
25037
25039
25045
25047
25055
25055
25056
25058
25069
25070
25071
25078
25083
25083
25083
25086
25088
25093
25105
25111
25114
25116
25116
25121
25125
25125
25131
25138
25139
25141
25148
25153
25157
25158
25161
25164
25165
25165
25168
25171
25172
25180
25181
25187
25188
25189
25192
25193
25199
25208
25209
25210
25210
25214
25217
25219
25221
25222
25225
25228
25229
25234
25236
25237
25240
25240
25249
25257
25258
25260
25270
25278
25280
25284
25284
25291
25292
25298
25300
25302
25306
25307
25307
25309
25322
25322
25327
25329
25331
25331
25333
25334
25336
25337
25337
25343
25346
25348
25349
25356
25362
25366
25370
25380
25382
25384
25385
25385
25386
25390
25393
25394
25394
25397
25427
25431
25433
25434
25437
25442
25447
25467
25470
25471
25472
25481
25482
25487
25489
25492
25495
25495
25501
25507
25508
25509
25510
25513
25514
25516
25534
25553
25556
25562
25563
25564
25569
25571
25571
25575
25576
25580
25585
25585
25589
25589
25595
25596
25597
25602
25616
25618
25620
25626
25633
25638
25647
25648
25654
25656
25657
25658
25660
25662
25664
25665
25668
25676
25680
25682
25691
25707
25719
25725
25725
25731
25746
25746
25750
25754
25754
25758
25762
25766
25784
25784
25787
25789
25792
25792
25793
25795
25802
25807
25809
25810
25817
25821
25823
25823
25823
25829
25829
25835
25836
25846
25853
25865
25866
25868
25869
25875
25886
25888
25895
25897
25900
25903
25904
25905
25906
25909
25911
25915
25918
25919
25920
25921
25927
25930
25933
25936
25941
25943
25946
25955
25956
25957
25960
25962
25965
25966
25970
25972
25977
25979
25986
25987
25997
25999
26005
26013
26014
26016
26020
26022
26025
26028
26031
26036
26038
26038
26039
26049
26051
26058
26062
26062
26064
26066
26079
26084
26111
26112
26116
26118
26118
26123
26125
26130
26132
26133
26133
26133
26136
26139
26142
26145
26147
26155
26155
26159
26164
26171
26173
26177
26182
26183
26190
26192
26194
26207
26208
26209
26213
26214
26215
26217
26217
26218
26219
26219
26226
26231
26232
26232
26235
26235
26240
26244
26246
26256
26257
26258
26259
26262
26262
26262
26266
26268
26270
26272
26275
26280
26281
26281
26286
26291
26296
26296
26298
26301
26304
26305
26308
26309
26318
26319
26320
26321
26322
26324
26328
26329
26330
26330
26330
26334
26335
26336
26337
26341
26355
26355
26359
26361
26366
26368
26376
26379
26380
26380
26382
26382
26383
26391
26401
26408
26409
26410
26410
26414
26416
26422
26423
26435
26435
26438
26440
26440
26445
26446
26447
26450
26451
26455
26457
26460
26469
26470
26471
26471
26489
26489
26493
26501
26503
26511
26513
26518
26521
26522
26527
26530
26531
26548
26551
26554
26558
26560
26568
26569
26569
26569
26570
26580
26583
26583
26589
26589
26591
26597
26597
26600
26603
26608
26610
26612
26617
26620
26625
26629
26630
26631
26633
26636
26637
26639
26640
26645
26646
26646
26647
26649
26652
26653
26654
26659
26663
26667
26671
26672
26679
26683
26688
26689
26690
26690
26693
26702
26707
26710
26711
26713
26716
26718
26719
26724
26726
26727
26732
26735
26740
26745
26749
26753
26754
26754
26755
26757
26758
26772
26782
26784
26786
26796
26797
26808
26820
26823
26826
26832
26836
26836
26840
26840
26843
26845
26848
26850
26852
26856
26858
26859
26869
26870
26875
26882
26883
26885
26888
26890
26891
26899
26902
26903
26913
26916
26921
26925
26933
26941
26943
26944
26945
26957
26962
26966
26970
26978
26980
26989
26989
26990
26992
26992
26994
26995
26999
27000
27001
27002
27004
27004
27010
27018
27021
27023
27024
27025
27034
27034
27035
27036
27039
27039
27044
27046
27047
27050
27052
27055
27059
27060
27065
27072
27074
27077
27086
27089
27090
27094
27100
27103
27107
27111
27112
27112
27120
27123
27126
27129
27131
27131
27137
27137
27137
27139
27141
27147
27147
27154
27156
27159
27160
27163
27163
27165
27166
27167
27171
27177
27177
27181
27183
27185
27186
27191
27194
27197
27204
27209
27211
27213
27214
27218
27220
27220
27234
27234
27239
27240
27243
27247
27248
27252
27259
27261
27265
27274
27277
27279
27280
27286
27288
27291
27293
27299
27312
27316
27318
27323
27325
27325
27329
27329
27336
27336
27339
27339
27340
27343
27348
27351
27361
27366
27367
27369
27372
27375
27378
27386
27387
27387
27393
27395
27399
27407
27410
27410
27411
27420
27421
27422
27423
27423
27425
27427
27428
27431
27436
27438
27438
27442
27448
27448
27459
27459
27464
27464
27474
27481
27483
27486
27492
27501
27503
27504
27508
27513
27514
27515
27517
27520
27521
27533
27535
27535
27536
27542
27543
27544
27545
27546
27548
27548
27551
27558
27560
27570
27571
27571
27577
27581
27582
27586
27591
27594
27597
27597
27600
27603
27605
27611
27618
27625
27632
27646
27650
27653
27655
27655
27656
27663
27663
27664
27665
27668
27671
27674
27677
27678
27684
27687
27688
27689
27690
27692
27698
27703
27710
27716
27717
27719
27720
27721
27722
27732
27740
27746
27747
27749
27753
27761
27771
27778
27781
27783
27791
27799
27803
27806
27810
27814
27821
27826
27829
27833
27844
27847
27849
27856
27856
27856
27857
27859
27863
27863
27873
27875
27875
27876
27880
27882
27883
27885
27885
27889
27893
27896
27899
27900
27908
27910
27910
27912
27915
27917
27928
27939
27940
27949
27957
27958
27959
27959
27961
27967
27968
27968
27969
27971
27972
27978
27986
27988
27991
27993
27997
27999
28006
28013
28014
28015
28020
28024
28028
28028
28028
28032
28039
28041
28056
28059
28064
28064
28064
28078
28080
28084
28087
28088
28091
28098
28108
28109
28114
28115
28125
28131
28135
28140
28143
28146
28147
28148
28154
28155
28160
28161
28162
28164
28167
28171
28174
28178
28179
28180
28180
28185
28187
28188
28190
28197
28197
28199
28201
28202
28203
28204
28209
28210
28212
28213
28218
28219
28222
28223
28223
28224
28224
28224
28227
28228
28233
28233
28239
28247
28247
28249
28250
28256
28257
28257
28257
28272
28274
28278
28279
28286
28286
28287
28293
28293
28295
28296
28301
28304
28305
28307
28308
28309
28309
28311
28313
28315
28319
28320
28322
28325
28331
28332
28335
28343
28345
28347
28347
28354
28359
28360
28361
28362
28369
28369
28372
28373
28378
28378
28384
28384
28385
28386
28386
28388
28398
28410
28412
28416
28418
28426
28433
28433
28434
28443
28450
28456
28456
28461
28461
28463
28465
28466
28467
28475
28476
28478
28481
28486
28489
28490
28494
28499
28505
28505
28506
28508
28509
28510
28516
28517
28522
28524
28530
28531
28537
28544
28551
28552
28561
28567
28571
28573
28573
28574
28586
28591
28605
28607
28608
28611
28614
28622
28630
28634
28634
28635
28642
28643
28653
28659
28662
28667
28671
28675
28676
28681
28681
28689
28692
28696
28697
28698
28700
28705
28707
28715
28718
28720
28721
28723
28734
28745
28752
28754
28756
28759
28760
28762
28764
28767
28771
28773
28773
28777
28782
28782
28784
28788
28793
28794
28797
28805
28806
28814
28817
28819
28821
28822
28823
28827
28831
28834
28840
28842
28842
28845
28846
28847
28849
28849
28853
28863
28867
28868
28868
28871
28875
28876
28878
28879
28881
28885
28889
28891
28903
28907
28910
28915
28917
28921
28925
28929
28929
28935
28936
28944
28947
28950
28954
28957
28962
28962
28965
28967
28967
28968
28973
28977
28978
28979
28980
28980
28980
28990
28993
28994
28995
29005
29016
29017
29018
29027
29030
29033
29033
29034
29036
29046
29055
29057
29061
29062
29063
29069
29081
29083
29084
29086
29093
29098
29100
29102
29104
29108
29115
29118
29134
29138
29138
29141
29151
29152
29161
29161
29163
29167
29168
29171
29186
29199
29203
29214
29214
29214
29216
29216
29217
29222
29223
29226
29226
29229
29230
29233
29233
29241
29247
29247
29249
29255
29261
29261
29264
29276
29290
29292
29295
29296
29296
29300
29309
29310
29321
29332
29333
29336
29342
29352
29353
29353
29360
29361
29362
29363
29365
29366
29370
29371
29374
29375
29389
29407
29408
29413
29415
29417
29419
29425
29427
29428
29429
29430
29432
29435
29438
29440
29441
29441
29446
29446
29449
29473
29474
29475
29478
29480
29481
29482
29485
29486
29491
29493
29494
29496
29497
29499
29500
29504
29518
29526
29527
29536
29543
29543
29550
29551
29557
29557
29558
29565
29568
29569
29575
29582
29583
29590
29593
29597
29599
29599
29600
29602
29607
29614
29615
29615
29618
29618
29623
29630
29632
29633
29641
29644
29645
29647
29651
29651
29652
29654
29659
29661
29665
29667
29669
29670
29675
29680
29685
29688
29692
29692
29693
29694
29695
29696
29698
29698
29698
29700
29701
29704
29705
29708
29710
29716
29730
29730
29731
29732
29743
29743
29746
29747
29751
29758
29769
29770
29775
29785
29786
29794
29798
29799
29803
29803
29809
29815
29821
29823
29824
29830
29830
29832
29833
29835
29839
29841
29849
29851
29864
29864
29867
29881
29882
29882
29889
29896
29903
29906
29914
29916
29920
29923
29924
29924
29924
29925
29931
29934
29939
29941
29941
29944
29956
29959
29959
29961
29962
29964
29965
29965
29967
29969
29969
29970
29972
29975
29987
29988
29989
29991
29991
29994
29996
29997
30002
30006
30009
30012
30013
30013
30018
30019
30023
30025
30037
30044
30045
30046
30049
30049
30049
30054
30059
30061
30068
30069
30072
30073
30075
30075
30082
30082
30083
30094
30096
30097
30098
30098
30104
30107
30115
30116
30116
30125
30126
30129
30130
30141
30142
30143
30143
30145
30148
30150
30152
30158
30158
30161
30163
30164
30180
30183
30184
30189
30192
30192
30193
30193
30194
30198
30205
30212
30213
30213
30214
30218
30223
30226
30229
30238
30241
30244
30246
30247
30249
30249
30255
30257
30260
30261
30262
30262
30267
30269
30270
30272
30275
30277
30277
30278
30286
30290
30291
30293
30298
30305
30310
30311
30319
30320
30322
30324
30328
30330
30331
30332
30337
30339
30358
30363
30363
30365
30365
30369
30375
30375
30377
30380
30385
30392
30393
30395
30395
30400
30408
30409
30410
30422
30429
30435
30440
30443
30446
30447
30457
30464
30464
30465
30465
30465
30466
30471
30471
30482
30483
30487
30489
30503
30503
30503
30504
30512
30517
30522
30525
30526
30527
30531
30532
30534
30534
30535
30545
30545
30547
30548
30550
30552
30554
30566
30567
30567
30568
30569
30575
30585
30586
30588
30589
30594
30596
30598
30599
30605
30606
30612
30616
30617
30627
30628
30635
30635
30637
30638
30643
30644
30648
30650
30651
30653
30656
30669
30672
30675
30677
30680
30685
30687
30688
30689
30693
30694
30697
30714
30715
30717
30728
30728
30731
30735
30737
30742
30742
30743
30744
30746
30750
30754
30760
30765
30768
30783
30785
30787
30788
30793
30795
30796
30798
30804
30806
30813
30816
30818
30821
30828
30833
30834
30843
30850
30854
30856
30858
30863
30863
30871
30873
30874
30875
30875
30876
30890
30900
30909
30909
30912
30913
30914
30915
30918
30919
30919
30923
30924
30926
30936
30947
30950
30951
30954
30954
30955
30963
30968
30973
30976
31000
31006
31009
31019
31024
31027
31030
31033
31033
31033
31037
31041
31042
31043
31043
31048
31053
31060
31060
31060
31062
31062
31062
31063
31067
31069
31070
31070
31080
31080
31080
31080
31081
31082
31085
31088
31094
31098
31100
31105
31106
31106
31108
31110
31113
31115
31115
31116
31118
31126
31129
31140
31141
31147
31149
31151
31155
31168
31169
31171
31172
31193
31197
31199
31208
31209
31215
31221
31229
31230
31231
31238
31238
31238
31241
31244
31247
31248
31248
31248
31253
31259
31261
31265
31268
31270
31272
31273
31277
31277
31282
31283
31284
31285
31288
31289
31305
31307
31308
31312
31315
31316
31324
31325
31326
31338
31340
31340
31341
31342
31343
31349
31351
31352
31353
31354
31357
31360
31362
31365
31366
31370
31378
31379
31387
31395
31396
31396
31396
31398
31399
31400
31406
31408
31409
31409
31410
31422
31422
31424
31424
31424
31428
31430
31433
31434
31435
31439
31445
31446
31451
31454
31454
31455
31455
31456
31463
31472
31482
31482
31484
31494
31495
31498
31501
31504
31507
31508
31513
31515
31515
31518
31530
31531
31537
31538
31541
31544
31548
31556
31558
31561
31561
31561
31571
31576
31586
31589
31594
31599
31616
31619
31623
31623
31631
31634
31635
31635
31636
31637
31638
31640
31640
31640
31643
31643
31649
31651
31651
31652
31654
31659
31661
31664
31664
31667
31670
31673
31677
31680
31682
31683
31683
31684
31684
31687
31687
31690
31691
31700
31701
31704
31711
31719
31720
31723
31723
31726
31727
31734
31737
31741
31744
31746
31754
31763
31765
31778
31780
31780
31781
31783
31784
31786
31787
31788
31791
31793
31797
31799
31812
31813
31814
31815
31820
31823
31828
31832
31835
31836
31836
31840
31840
31842
31844
31845
31852
31855
31856
31858
31860
31861
31862
31864
31877
31881
31888
31908
31913
31917
31917
31918
31918
31920
31925
31926
31927
31936
31936
31936
31939
31941
31954
31956
31957
31960
31974
31978
31979
31980
31984
31984
31986
31992
31992
32002
32003
32007
32011
32021
32022
32026
32027
32029
32033
32038
32043
32043
32046
32047
32049
32052
32055
32057
32059
32060
32060
32065
32066
32069
32081
32084
32090
32100
32106
32113
32115
32115
32117
32120
32121
32129
32131
32131
32132
32132
32133
32145
32153
32156
32157
32165
32173
32176
32179
32179
32181
32183
32184
32185
32186
32191
32191
32192
32192
32192
32193
32193
32194
32196
32197
32198
32202
32204
32210
32211
32214
32216
32217
32220
32232
32234
32236
32236
32243
32247
32247
32253
32255
32255
32260
32261
32262
32268
32269
32271
32276
32276
32283
32295
32296
32296
32296
32296
32300
32308
32310
32314
32314
32319
32320
32323
32328
32336
32338
32342
32344
32345
32347
32352
32353
32360
32360
32366
32371
32372
32374
32375
32381
32381
32383
32391
32392
32397
32402
32405
32406
32407
32410
32411
32417
32419
32425
32428
32428
32431
32432
32433
32434
32438
32450
32452
32453
32453
32453
32463
32465
32471
32472
32478
32480
32485
32486
32490
32497
32499
32500
32503
32504
32509
32510
32513
32514
32515
32516
32521
32525
32526
32532
32550
32552
32552
32553
32553
32554
32556
32556
32557
32560
32565
32568
32575
32578
32580
32582
32587
32589
32594
32597
32602
32603
32606
32610
32616
32617
32618
32625
32630
32630
32633
32638
32643
32643
32644
32645
32645
32647
32649
32650
32651
32654
32659
32661
32662
32663
32664
32666
32666
32673
32677
32677
32684
32689
32692
32692
32699
32699
32701
32710
32711
32712
32713
32715
32716
32722
32724
32727
32730
32738
32740
32743
32749
32749
32754
32754
32754
32760
