100
394
554
864
1637
1703
1789
1871
2186
2680
3391
3497
3724
4153
4237
4396
4702
4803
4873
5584
5970
6453
6460
6560
6615
7714
7925
7954
8238
8483
8704
9096
9200
9821
10072
10211
10301
10503
10834
11048
11929
12147
12172
12191
12348
12354
12548
13955
14052
14239
14526
14732
15091
15244
15615
16005
16227
16347
16766
18589
18668
18749
19141
19359
19682
20386
20582
20920
21404
22386
22422
22430
22730
23073
23617
24473
24478
25228
25251
25381
25728
25761
26188
26443
26508
26645
26729
26799
27276
27307
27800
28329
28538
28754
28922
29125
31710
31748
31823
31919
32753
