1000
22
71
135
138
174
176
183
214
314
337
406
485
529
554
560
580
595
599
701
753
811
814
868
880
893
988
1070
1073
1111
1133
1145
1151
1176
1189
1213
1242
1257
1285
1289
1353
1355
1367
1371
1421
1442
1460
1506
1507
1532
1608
1618
1638
1726
1765
1851
1860
1910
1946
1951
1960
1983
1987
2019
2060
2104
2125
2148
2223
2224
2235
2332
2397
2440
2442
2489
2492
2556
2576
2646
2668
2685
2687
2707
2709
2722
2765
2778
2798
2827
2882
2904
2905
2944
3053
3065
3081
3083
3119
3260
3272
3283
3286
3294
3313
3488
3547
3552
3555
3564
3569
3587
3654
3657
3663
3675
3746
3747
3757
3760
3870
3878
3963
4027
4037
4062
4132
4147
4167
4167
4190
4246
4252
4408
4468
4524
4581
4610
4626
4684
4688
4752
4789
4875
5049
5050
5055
5062
5161
5180
5223
5319
5364
5372
5413
5444
5528
5584
5590
5638
5734
5740
5749
5755
5759
5768
5769
5809
5846
5876
5912
5936
5954
6020
6062
6083
6086
6127
6133
6141
6152
6191
6222
6228
6290
6298
6344
6347
6382
6400
6403
6423
6462
6493
6495
6593
6596
6707
6722
6749
6842
6853
6859
6868
6875
6942
6995
7113
7153
7172
7176
7185
7240
7256
7313
7341
7430
7447
7506
7539
7623
7681
7750
7753
7787
7881
7929
7963
7998
8012
8045
8052
8085
8092
8123
8128
8177
8233
8256
8376
8415
8427
8457
8461
8519
8520
8562
8566
8614
8636
8708
8751
8755
8777
8825
8831
8869
8909
8915
8932
8947
8951
8975
9019
9027
9042
9149
9172
9206
9217
9223
9227
9240
9287
9292
9344
9384
9393
9453
9489
9505
9556
9572
9642
9681
9698
9707
9764
9968
10051
10087
10089
10109
10115
10128
10130
10168
10232
10258
10288
10307
10308
10310
10313
10336
10336
10371
10388
10415
10509
10519
10522
10528
10588
10695
10715
10733
10764
10775
10814
10818
10844
10891
10901
10921
10927
10963
10978
11030
11031
11054
11092
11100
11123
11130
11149
11196
11201
11222
11244
11296
11321
11344
11364
11378
11400
11498
11507
11519
11599
11638
11658
11661
11681
11684
11703
11706
11724
11771
11797
11823
11954
11968
11972
11983
11990
12001
12003
12038
12064
12094
12109
12256
12297
12304
12319
12388
12400
12412
12474
12541
12591
12625
12632
12658
12692
12693
12697
12704
12784
12787
12822
12822
12834
12848
12891
12898
12901
13017
13044
13087
13098
13100
13116
13174
13181
13194
13246
13254
13304
13365
13429
13471
13534
13538
13561
13589
13604
13609
13640
13649
13667
13682
13715
13783
13791
13797
13818
13830
13922
13937
13947
13954
13989
13991
14042
14095
14095
14205
14234
14263
14302
14348
14405
14439
14476
14482
14573
14598
14632
14642
14666
14687
14694
14731
14746
14799
14823
14861
14907
14978
14987
14988
14996
15014
15084
15096
15176
15221
15246
15265
15290
15384
15389
15397
15456
15466
15469
15479
15561
15563
15567
15576
15577
15604
15659
15670
15672
15679
15687
15692
15734
15784
15799
15824
15829
15839
15849
15880
15899
15899
15995
15995
16001
16213
16240
16242
16292
16326
16434
16444
16495
16512
16536
16541
16546
16553
16633
16634
16655
16660
16678
16678
16763
16772
16791
16792
16798
16898
16933
16980
17015
17123
17188
17228
17248
17322
17373
17375
17467
17487
17501
17515
17569
17601
17602
17684
17792
17868
17891
17976
18051
18179
18192
18227
18279
18314
18325
18341
18350
18383
18405
18504
18534
18545
18563
18599
18666
18719
18788
18820
18899
18927
18946
18973
18987
18991
19013
19103
19128
19171
19203
19250
19349
19368
19410
19653
19696
19741
19758
19817
19835
19871
19883
19888
19889
19951
20016
20033
20045
20052
20057
20066
20080
20101
20106
20113
20134
20149
20155
20181
20193
20244
20245
20253
20302
20348
20352
20375
20389
20391
20401
20409
20441
20455
20456
20533
20558
20611
20622
20638
20676
20676
20691
20702
20762
20790
20798
20823
20877
20916
20929
20936
20953
20954
20958
20964
21022
21026
21098
21108
21182
21241
21296
21298
21312
21394
21441
21441
21497
21532
21544
21575
21588
21603
21646
21661
21721
21746
21758
21786
21791
21816
21832
21866
21934
21946
21953
22017
22022
22038
22073
22101
22106
22205
22211
22248
22253
22305
22364
22364
22409
22431
22435
22539
22582
22601
22647
22708
22711
22824
22913
22920
22922
22954
22954
22981
23031
23037
23043
23080
23109
23125
23126
23277
23285
23446
23502
23610
23621
23660
23688
23699
23700
23707
23715
23748
23753
23755
23791
23798
23821
23870
23898
23935
23991
23991
24031
24073
24085
24142
24155
24170
24195
24224
24308
24308
24382
24427
24441
24450
24464
24471
24479
24505
24506
24552
24612
24639
24670
24673
24728
24730
24782
24845
24889
24902
24904
24927
24965
24983
24984
25003
25016
25054
25125
25126
25163
25188
25266
25293
25325
25368
25472
25518
25568
25578
25587
25594
25716
25787
25788
25797
25816
25820
25866
25888
25953
25985
26014
26018
26018
26087
26109
26199
26227
26256
26272
26378
26394
26466
26466
26474
26570
26581
26632
26659
26686
26781
26806
26813
26828
26921
26960
26973
26989
27096
27251
27255
27279
27284
27301
27309
27328
27328
27338
27345
27356
27437
27460
27460
27476
27493
27511
27525
27538
27590
27614
27618
27634
27647
27687
27837
27859
27899
28053
28069
28071
28087
28088
28097
28108
28123
28139
28152
28175
28183
28184
28224
28234
28237
28302
28332
28349
28362
28392
28395
28396
28400
28459
28475
28478
28500
28533
28607
28622
28633
28655
28669
28671
28759
28800
28916
28947
28951
29016
29033
29074
29097
29123
29197
29295
29351
29375
29399
29403
29518
29518
29589
29610
29668
29671
29684
29701
29840
29895
29904
29953
29958
29963
29978
30028
30034
30055
30061
30061
30066
30104
30153
30216
30224
30237
30241
30244
30266
30282
30298
30318
30553
30554
30641
30668
30671
30794
30794
30857
30894
30902
30915
30962
30962
31016
31056
31065
31127
31161
31168
31175
31185
31192
31212
31287
31307
31458
31459
31490
31502
31559
31579
31656
31681
31728
31761
31796
31879
31906
31923
31958
31962
31984
31991
32004
32036
32071
32132
32174
32218
32294
32321
32370
32375
32402
32444
32470
32531
32608
32626
32676
32686
32717
32747
