100
317
1263
1798
2044
2522
3215
3558
3698
4098
4196
4384
4434
4734
4922
4968
5083
6358
6359
7002
7924
8473
9173
9191
9272
9428
9528
10037
10605
11033
11047
11146
12239
12378
13621
13776
13953
14402
14495
14526
15118
15161
15445
15524
15836
16144
16312
16586
17011
17411
17434
17712
17719
17872
18136
18171
18476
18494
18710
18711
19590
19889
19934
20605
20697
21092
21210
21217
21721
21831
22541
22690
23706
23815
24124
24124
24126
24552
24649
25405
25753
25867
25930
25975
26312
26700
26814
26913
27700
27915
27933
28410
29172
29348
29500
30022
30252
30709
31160
32082
32634
