100
196
469
656
849
1013
1148
1229
1254
1551
2343
2409
2909
3011
3424
4037
4811
4949
6381
6565
7438
8067
8120
8454
8458
8630
9185
9328
9447
10268
10493
10631
11340
12192
12251
12372
12842
13623
13647
13771
14211
14312
14386
14514
14592
14839
15318
15331
15586
15792
16067
16089
17297
17471
17736
18006
18159
18299
19090
19762
20257
20733
20931
21350
21382
21724
21835
22397
22473
22619
22803
23147
23564
23821
24458
24558
24592
24777
24990
25071
25160
25701
25776
26104
27335
27544
27682
28061
28539
28624
28852
28913
28930
28936
28946
29400
29425
30004
30630
30916
32239
