10000
0
6
6
7
10
12
12
13
33
33
34
44
49
50
50
56
61
64
67
68
72
73
75
76
76
78
87
88
89
90
90
92
101
104
106
108
108
108
110
111
113
113
121
127
132
134
138
141
142
142
142
143
144
145
158
160
169
173
174
174
175
193
194
196
201
203
212
214
225
227
232
233
233
234
237
240
244
249
257
259
261
263
269
274
275
278
279
281
285
289
289
290
291
294
297
298
300
301
308
325
329
333
334
342
346
347
348
349
354
362
363
371
374
375
379
383
383
385
385
386
389
392
397
398
398
400
404
407
409
414
417
418
420
422
423
431
433
433
434
438
439
442
450
452
457
460
462
463
470
479
479
482
483
497
497
498
509
510
520
521
521
527
527
527
529
534
539
541
546
546
548
548
553
554
556
556
558
559
566
567
570
574
578
579
580
581
583
583
589
594
600
603
607
612
612
626
628
633
635
639
643
649
651
651
658
663
663
671
673
674
675
680
683
684
689
691
696
708
708
716
720
723
723
728
730
735
750
750
751
753
763
775
778
790
791
794
798
803
805
809
811
817
821
826
826
840
840
841
841
841
845
846
846
853
855
859
860
862
873
878
884
885
886
890
890
892
894
896
899
901
905
905
905
909
912
921
923
924
931
935
936
938
940
941
941
944
946
950
950
954
956
957
967
968
969
980
984
988
990
1004
1005
1007
1008
1011
1011
1012
1013
1014
1015
1018
1028
1034
1036
1036
1043
1044
1044
1052
1055
1055
1066
1068
1080
1084
1087
1092
1102
1114
1115
1116
1119
1120
1121
1121
1123
1123
1126
1127
1129
1133
1138
1145
1150
1151
1156
1158
1165
1168
1169
1171
1172
1172
1174
1177
1187
1187
1195
1196
1204
1209
1211
1220
1223
1231
1231
1237
1240
1240
1241
1243
1243
1244
1252
1256
1258
1261
1263
1264
1266
1268
1271
1272
1276
1280
1284
1284
1286
1288
1288
1288
1289
1290
1291
1291
1302
1309
1309
1309
1319
1320
1320
1321
1325
1328
1329
1335
1342
1343
1349
1350
1353
1355
1367
1368
1376
1386
1390
1390
1398
1399
1402
1402
1410
1411
1416
1417
1424
1429
1435
1448
1453
1467
1467
1470
1471
1478
1478
1479
1481
1489
1494
1499
1501
1505
1509
1509
1510
1513
1514
1526
1530
1530
1535
1535
1538
1542
1544
1545
1546
1547
1548
1552
1555
1557
1562
1563
1566
1568
1576
1586
1587
1587
1587
1588
1588
1588
1590
1591
1592
1592
1595
1600
1602
1603
1606
1610
1611
1619
1621
1622
1629
1629
1629
1634
1636
1640
1642
1644
1649
1654
1654
1659
1661
1675
1675
1679
1679
1679
1687
1688
1695
1698
1706
1710
1715
1716
1716
1720
1724
1725
1726
1731
1733
1734
1735
1737
1738
1740
1744
1747
1751
1757
1760
1760
1763
1764
1766
1772
1778
1784
1805
1810
1813
1817
1818
1820
1823
1824
1824
1829
1829
1835
1840
1842
1843
1844
1844
1845
1845
1846
1849
1850
1859
1860
1861
1862
1869
1871
1875
1875
1877
1877
1879
1880
1900
1900
1903
1905
1906
1913
1914
1916
1919
1919
1922
1923
1924
1925
1926
1930
1933
1936
1940
1943
1944
1945
1946
1947
1951
1952
1953
1954
1956
1965
1971
1974
1975
1977
1997
2000
2000
2009
2013
2014
2018
2020
2031
2031
2034
2034
2035
2044
2044
2044
2059
2060
2060
2061
2062
2069
2070
2070
2071
2072
2073
2080
2081
2082
2083
2086
2092
2092
2097
2099
2102
2103
2106
2106
2108
2110
2110
2111
2125
2131
2132
2139
2140
2140
2140
2146
2149
2150
2166
2170
2173
2175
2178
2181
2182
2182
2183
2184
2189
2195
2198
2208
2210
2213
2214
2216
2218
2222
2226
2229
2234
2241
2246
2257
2262
2262
2263
2266
2276
2277
2278
2282
2283
2284
2290
2293
2294
2299
2302
2308
2309
2311
2320
2320
2321
2321
2332
2334
2340
2340
2341
2359
2362
2365
2366
2369
2373
2377
2383
2385
2387
2388
2389
2392
2393
2396
2396
2398
2398
2408
2409
2413
2428
2432
2435
2436
2440
2442
2450
2453
2461
2461
2464
2464
2472
2478
2479
2482
2487
2489
2496
2496
2509
2509
2512
2514
2518
2521
2526
2528
2529
2530
2552
2555
2559
2561
2561
2562
2562
2565
2568
2569
2575
2578
2579
2579
2590
2591
2591
2596
2600
2601
2602
2613
2619
2619
2619
2624
2629
2636
2639
2641
2641
2642
2643
2643
2645
2653
2653
2654
2659
2659
2668
2673
2674
2674
2675
2677
2680
2686
2692
2694
2695
2702
2703
2706
2706
2708
2710
2710
2711
2712
2712
2714
2716
2719
2724
2727
2728
2734
2735
2736
2737
2738
2740
2740
2743
2747
2754
2766
2778
2780
2781
2795
2796
2797
2798
2798
2799
2800
2801
2803
2808
2808
2811
2814
2814
2815
2815
2818
2832
2834
2834
2835
2836
2837
2838
2843
2845
2847
2848
2848
2850
2854
2858
2862
2866
2866
2875
2877
2879
2879
2881
2884
2886
2890
2897
2903
2905
2906
2908
2908
2910
2912
2918
2922
2933
2933
2937
2938
2941
2942
2943
2944
2952
2953
2964
2965
2966
2968
2972
2974
2975
2975
2981
2984
2991
2991
2994
2997
3006
3007
3013
3013
3013
3014
3016
3017
3018
3019
3022
3029
3030
3033
3036
3039
3040
3046
3049
3052
3057
3057
3060
3062
3069
3074
3076
3078
3084
3085
3086
3087
3087
3089
3090
3091
3091
3093
3097
3100
3103
3106
3109
3110
3111
3112
3113
3114
3115
3120
3121
3128
3129
3130
3137
3144
3147
3155
3156
3162
3162
3166
3171
3173
3174
3176
3178
3179
3179
3183
3185
3189
3189
3193
3193
3194
3195
3200
3202
3211
3212
3214
3217
3228
3233
3245
3247
3253
3255
3256
3259
3261
3263
3270
3275
3277
3280
3283
3286
3286
3291
3294
3299
3303
3313
3319
3324
3331
3335
3340
3344
3346
3348
3348
3348
3352
3353
3356
3359
3373
3380
3381
3382
3392
3392
3397
3400
3403
3407
3408
3418
3425
3425
3428
3429
3430
3432
3438
3438
3445
3445
3447
3448
3454
3456
3457
3467
3467
3476
3477
3482
3484
3485
3492
3492
3494
3500
3505
3512
3512
3519
3520
3534
3537
3538
3543
3545
3546
3550
3553
3559
3561
3567
3568
3570
3573
3576
3579
3585
3593
3594
3595
3599
3602
3615
3617
3624
3627
3630
3633
3635
3636
3642
3642
3654
3656
3660
3661
3662
3662
3666
3682
3686
3688
3689
3689
3692
3694
3696
3697
3699
3699
3700
3702
3703
3704
3704
3706
3707
3709
3710
3710
3712
3718
3722
3729
3731
3735
3735
3743
3750
3754
3756
3759
3784
3789
3791
3793
3798
3801
3803
3805
3806
3816
3816
3824
3824
3831
3839
3840
3850
3850
3853
3855
3855
3859
3860
3862
3862
3864
3867
3871
3881
3882
3882
3884
3888
3890
3890
3895
3896
3907
3919
3919
3920
3933
3935
3936
3938
3939
3940
3942
3942
3942
3952
3958
3962
3963
3964
3964
3967
3971
3971
3974
3975
3978
3981
3981
3983
3997
3999
4003
4003
4004
4008
4009
4014
4024
4035
4035
4036
4039
4048
4054
4058
4059
4063
4063
4066
4067
4070
4072
4073
4076
4083
4085
4085
4089
4090
4091
4095
4095
4102
4102
4109
4114
4114
4116
4117
4117
4122
4124
4143
4144
4146
4151
4152
4169
4169
4170
4174
4174
4176
4177
4179
4181
4183
4186
4187
4191
4195
4204
4206
4212
4216
4219
4226
4233
4241
4249
4251
4252
4260
4264
4264
4270
4275
4281
4282
4283
4290
4293
4295
4296
4299
4302
4303
4305
4306
4311
4311
4315
4321
4325
4325
4327
4332
4341
4344
4344
4344
4347
4348
4349
4354
4355
4355
4359
4362
4363
4365
4378
4379
4395
4395
4395
4405
4406
4408
4412
4418
4419
4422
4422
4425
4427
4427
4433
4433
4435
4436
4438
4443
4450
4456
4464
4476
4479
4485
4487
4488
4497
4505
4506
4508
4511
4514
4516
4517
4517
4522
4524
4527
4532
4535
4536
4541
4546
4546
4547
4548
4550
4553
4555
4565
4565
4570
4571
4572
4576
4578
4582
4584
4585
4588
4593
4594
4595
4596
4596
4600
4603
4613
4618
4620
4625
4629
4629
4633
4633
4634
4634
4645
4649
4652
4652
4655
4657
4660
4662
4670
4671
4673
4678
4680
4682
4686
4689
4699
4705
4707
4710
4716
4717
4718
4720
4720
4725
4730
4736
4737
4739
4743
4745
4747
4747
4748
4755
4755
4756
4757
4758
4759
4765
4771
4772
4775
4775
4788
4799
4800
4800
4802
4803
4809
4809
4811
4813
4819
4819
4824
4824
4825
4832
4835
4837
4838
4838
4849
4851
4851
4852
4860
4865
4868
4869
4870
4870
4877
4878
4886
4889
4894
4895
4902
4904
4907
4913
4913
4929
4930
4943
4946
4946
4948
4952
4953
4954
4959
4962
4970
4971
4972
4973
4978
4979
4979
4988
4991
4992
4992
4993
4994
4996
4999
5001
5002
5006
5009
5010
5012
5020
5023
5027
5030
5037
5038
5043
5050
5054
5064
5065
5065
5072
5075
5075
5078
5086
5088
5090
5091
5094
5095
5096
5098
5100
5104
5110
5113
5118
5118
5120
5127
5130
5130
5130
5139
5141
5142
5148
5158
5162
5166
5168
5169
5175
5180
5183
5189
5189
5193
5193
5194
5194
5198
5198
5198
5200
5202
5202
5203
5204
5206
5206
5210
5210
5210
5212
5217
5218
5225
5229
5229
5231
5232
5236
5241
5241
5242
5243
5254
5254
5257
5259
5260
5265
5272
5288
5291
5291
5296
5296
5298
5298
5302
5305
5305
5306
5307
5309
5311
5311
5311
5315
5315
5320
5322
5333
5334
5335
5339
5343
5345
5346
5349
5352
5359
5361
5369
5369
5376
5383
5387
5387
5389
5394
5396
5401
5403
5404
5409
5410
5412
5413
5424
5425
5425
5428
5428
5428
5431
5431
5437
5437
5438
5439
5443
5444
5445
5447
5448
5448
5448
5449
5454
5455
5465
5472
5472
5473
5475
5477
5477
5477
5487
5509
5511
5511
5512
5514
5520
5522
5522
5522
5524
5525
5526
5526
5527
5531
5538
5540
5543
5544
5545
5546
5547
5548
5554
5556
5557
5558
5569
5572
5575
5579
5580
5580
5588
5598
5598
5603
5604
5618
5622
5623
5623
5629
5630
5631
5637
5641
5644
5648
5653
5654
5655
5655
5656
5659
5662
5662
5663
5665
5668
5669
5686
5690
5700
5702
5702
5702
5709
5716
5717
5719
5720
5724
5724
5727
5729
5737
5740
5746
5750
5751
5753
5759
5760
5764
5765
5766
5768
5769
5770
5770
5775
5778
5784
5784
5786
5800
5805
5807
5810
5811
5811
5815
5817
5817
5824
5831
5831
5832
5836
5837
5842
5842
5848
5849
5852
5856
5858
5862
5869
5871
5875
5875
5877
5888
5891
5891
5896
5910
5910
5914
5916
5916
5925
5930
5935
5951
5952
5953
5954
5958
5962
5965
5966
5972
5973
5973
5976
5981
5991
6002
6004
6006
6008
6010
6012
6013
6022
6024
6024
6025
6033
6036
6038
6039
6043
6045
6049
6055
6058
6065
6072
6074
6076
6084
6089
6091
6091
6093
6095
6095
6097
6098
6099
6100
6103
6104
6105
6107
6108
6109
6115
6116
6117
6119
6123
6124
6130
6131
6133
6144
6145
6146
6147
6149
6149
6149
6150
6155
6168
6168
6168
6181
6183
6185
6189
6196
6196
6197
6198
6198
6203
6205
6206
6210
6210
6212
6215
6223
6224
6226
6232
6233
6234
6235
6238
6246
6249
6250
6253
6253
6254
6255
6259
6261
6263
6270
6273
6276
6279
6285
6286
6289
6292
6292
6292
6297
6298
6298
6299
6303
6307
6309
6312
6316
6317
6319
6320
6333
6334
6342
6347
6362
6363
6365
6368
6373
6377
6381
6381
6381
6384
6385
6387
6388
6388
6406
6406
6408
6412
6413
6417
6417
6418
6419
6419
6425
6425
6429
6430
6432
6433
6437
6442
6443
6445
6446
6451
6451
6454
6454
6467
6467
6471
6472
6475
6478
6482
6486
6488
6488
6489
6490
6493
6507
6513
6519
6524
6526
6529
6529
6534
6536
6543
6548
6550
6556
6557
6557
6564
6565
6565
6583
6586
6593
6596
6604
6611
6613
6618
6620
6624
6625
6629
6630
6631
6633
6637
6640
6643
6645
6645
6646
6647
6649
6660
6662
6666
6667
6669
6672
6673
6674
6695
6701
6707
6710
6711
6717
6733
6734
6735
6738
6739
6743
6744
6753
6754
6755
6761
6776
6778
6778
6787
6791
6794
6798
6798
6802
6802
6807
6813
6814
6816
6816
6817
6821
6825
6832
6844
6844
6846
6847
6847
6849
6860
6860
6868
6870
6875
6876
6881
6884
6886
6888
6889
6893
6895
6899
6907
6910
6912
6915
6925
6926
6926
6936
6944
6944
6948
6950
6951
6958
6964
6965
6971
6973
6975
6978
6978
6983
6983
6985
6987
6994
6995
6998
7004
7004
7004
7005
7014
7018
7019
7022
7022
7025
7029
7036
7049
7056
7071
7083
7084
7084
7086
7090
7095
7104
7111
7145
7150
7151
7154
7156
7163
7165
7165
7166
7170
7176
7178
7181
7182
7185
7187
7187
7187
7187
7192
7192
7197
7199
7202
7204
7209
7210
7216
7219
7220
7220
7221
7226
7227
7229
7239
7251
7252
7255
7255
7256
7270
7272
7278
7279
7282
7289
7289
7293
7294
7298
7298
7306
7311
7312
7318
7321
7325
7327
7333
7337
7347
7350
7356
7357
7361
7361
7362
7363
7363
7370
7372
7372
7376
7378
7379
7381
7382
7385
7386
7389
7397
7400
7401
7404
7407
7408
7414
7414
7414
7417
7426
7428
7432
7440
7441
7441
7441
7450
7458
7462
7462
7464
7466
7466
7470
7471
7472
7473
7473
7486
7491
7493
7494
7496
7497
7498
7508
7512
7514
7524
7525
7526
7530
7532
7532
7535
7537
7540
7540
7541
7544
7545
7545
7547
7551
7559
7561
7562
7568
7570
7576
7580
7583
7587
7591
7592
7593
7600
7606
7608
7613
7622
7622
7623
7624
7633
7635
7637
7639
7640
7643
7648
7655
7656
7657
7660
7660
7661
7665
7670
7670
7673
7678
7683
7684
7690
7691
7695
7704
7705
7711
7712
7713
7715
7717
7723
7724
7724
7731
7733
7739
7741
7749
7751
7757
7760
7769
7774
7779
7782
7786
7786
7788
7802
7803
7803
7808
7810
7812
7813
7815
7815
7816
7817
7819
7832
7839
7840
7842
7843
7844
7847
7847
7852
7871
7872
7874
7876
7882
7882
7887
7888
7890
7891
7892
7892
7896
7907
7908
7910
7911
7912
7913
7913
7917
7918
7918
7919
7923
7925
7934
7935
7939
7947
7951
7954
7959
7960
7961
7968
7975
7976
7979
7980
7980
7983
7995
8000
8001
8003
8012
8012
8014
8019
8020
8026
8028
8029
8034
8036
8036
8037
8050
8050
8051
8052
8058
8062
8067
8076
8087
8088
8088
8088
8091
8091
8094
8099
8099
8100
8115
8119
8126
8129
8130
8130
8138
8139
8141
8153
8159
8177
8179
8183
8186
8188
8189
8190
8191
8194
8194
8199
8200
8203
8205
8208
8211
8214
8214
8217
8226
8233
8235
8241
8248
8250
8250
8252
8257
8264
8265
8269
8270
8275
8284
8284
8285
8287
8290
8293
8294
8296
8297
8314
8316
8319
8321
8326
8326
8327
8328
8328
8336
8340
8346
8352
8356
8357
8358
8362
8364
8364
8368
8370
8372
8375
8376
8381
8385
8386
8386
8392
8404
8404
8405
8405
8413
8413
8414
8415
8416
8417
8422
8425
8429
8432
8438
8445
8448
8452
8457
8460
8464
8465
8467
8470
8471
8479
8482
8482
8485
8486
8488
8491
8491
8494
8497
8502
8503
8503
8505
8509
8524
8531
8545
8547
8548
8552
8559
8563
8565
8574
8575
8576
8579
8584
8588
8588
8590
8598
8602
8608
8610
8611
8613
8618
8619
8620
8620
8620
8621
8622
8625
8627
8630
8633
8636
8638
8645
8645
8647
8648
8649
8650
8651
8655
8657
8662
8667
8675
8677
8677
8678
8680
8684
8685
8687
8699
8703
8708
8710
8711
8714
8715
8717
8717
8717
8721
8721
8724
8726
8732
8732
8734
8745
8752
8755
8758
8761
8764
8769
8771
8780
8783
8786
8788
8790
8790
8792
8793
8795
8796
8797
8799
8801
8807
8808
8814
8830
8833
8835
8838
8840
8845
8854
8855
8858
8864
8871
8871
8878
8883
8884
8887
8890
8894
8897
8901
8901
8903
8908
8913
8913
8920
8921
8927
8930
8932
8935
8941
8947
8948
8953
8961
8961
8968
8969
8971
8971
8974
8977
8979
8980
8983
8984
8987
8987
8990
8990
8991
8992
8993
8994
8995
8997
9000
9001
9003
9003
9009
9013
9014
9020
9025
9030
9052
9052
9054
9055
9064
9067
9067
9076
9082
9084
9085
9086
9088
9095
9098
9103
9106
9109
9109
9114
9116
9123
9130
9130
9131
9135
9137
9137
9141
9142
9147
9149
9151
9155
9157
9160
9160
9166
9170
9172
9173
9173
9192
9195
9196
9198
9199
9201
9205
9205
9205
9206
9211
9220
9222
9222
9223
9228
9233
9236
9244
9245
9249
9249
9251
9254
9256
9256
9257
9268
9268
9270
9271
9272
9273
9273
9277
9283
9285
9290
9297
9298
9301
9305
9308
9308
9310
9311
9321
9328
9328
9329
9330
9335
9338
9339
9340
9341
9345
9346
9359
9364
9364
9380
9381
9389
9389
9393
9394
9398
9408
9413
9415
9417
9426
9428
9428
9431
9437
9443
9444
9447
9453
9455
9455
9470
9473
9474
9478
9479
9485
9486
9487
9489
9489
9491
9492
9498
9505
9507
9514
9517
9521
9526
9528
9529
9529
9534
9540
9540
9541
9544
9547
9551
9551
9554
9556
9560
9563
9563
9564
9571
9573
9578
9579
9581
9581
9582
9583
9584
9585
9590
9592
9593
9596
9597
9598
9601
9606
9608
9611
9615
9624
9629
9633
9639
9642
9643
9643
9647
9653
9658
9659
9660
9672
9674
9675
9678
9678
9683
9687
9695
9696
9702
9705
9705
9709
9710
9716
9717
9719
9750
9750
9758
9759
9761
9762
9766
9768
9775
9775
9779
9779
9783
9784
9786
9787
9793
9795
9796
9803
9807
9812
9812
9813
9818
9825
9825
9826
9834
9837
9843
9848
9849
9849
9851
9852
9853
9862
9862
9865
9868
9868
9870
9871
9876
9876
9880
9884
9885
9888
9894
9898
9902
9909
9910
9916
9919
9922
9923
9925
9931
9937
9943
9944
9952
9952
9954
9956
9957
9959
9960
9960
9961
9961
9961
9964
9974
9976
9979
9981
9988
9991
9994
10006
10006
10006
10015
10017
10021
10022
10023
10025
10027
10028
10034
10038
10051
10059
10064
10064
10068
10069
10070
10080
10080
10082
10083
10094
10095
10097
10098
10108
10113
10118
10123
10125
10132
10133
10136
10136
10141
10141
10144
10151
10153
10154
10155
10156
10156
10161
10178
10184
10185
10186
10189
10192
10194
10201
10202
10204
10205
10208
10208
10210
10215
10216
10221
10231
10232
10233
10236
10239
10242
10245
10246
10246
10247
10249
10250
10262
10262
10270
10279
10282
10286
10290
10290
10293
10298
10308
10308
10308
10310
10312
10313
10314
10318
10320
10321
10322
10325
10326
10329
10329
10333
10334
10344
10354
10354
10355
10356
10356
10363
10373
10377
10378
10389
10392
10392
10395
10407
10411
10412
10413
10415
10417
10420
10422
10425
10432
10433
10435
10437
10439
10440
10440
10442
10443
10460
10464
10489
10493
10497
10503
10504
10510
10513
10515
10517
10523
10523
10529
10531
10543
10543
10547
10550
10555
10562
10564
10565
10565
10571
10574
10576
10579
10581
10583
10583
10589
10589
10589
10592
10602
10604
10613
10617
10618
10619
10631
10635
10635
10635
10642
10643
10644
10647
10656
10656
10657
10659
10660
10660
10662
10662
10663
10671
10673
10673
10674
10676
10678
10679
10683
10684
10687
10688
10691
10695
10701
10703
10707
10711
10716
10721
10723
10728
10731
10733
10734
10741
10742
10745
10747
10757
10760
10764
10771
10775
10777
10778
10778
10781
10785
10786
10788
10790
10794
10798
10801
10803
10806
10811
10813
10815
10821
10828
10831
10840
10841
10844
10847
10848
10848
10856
10859
10865
10865
10872
10872
10880
10886
10887
10892
10901
10903
10906
10911
10916
10916
10917
10922
10923
10925
10925
10928
10932
10935
10941
10943
10944
10946
10954
10958
10959
10964
10970
10972
10973
10975
10976
10983
10991
10996
10997
11003
11019
11021
11023
11024
11027
11028
11028
11029
11029
11031
11031
11034
11034
11038
11038
11039
11040
11044
11044
11045
11046
11052
11055
11055
11056
11058
11061
11063
11066
11069
11070
11071
11071
11073
11075
11083
11089
11090
11090
11097
11098
11102
11103
11105
11107
11113
11114
11117
11118
11121
11122
11123
11130
11141
11142
11144
11145
11148
11150
11156
11156
11161
11161
11161
11162
11178
11178
11183
11185
11187
11189
11189
11191
11193
11195
11197
11198
11201
11203
11204
11209
11214
11214
11219
11221
11223
11225
11230
11236
11238
11242
11244
11251
11256
11258
11270
11270
11271
11274
11277
11282
11286
11286
11286
11288
11294
11295
11301
11301
11313
11314
11315
11316
11319
11322
11323
11325
11326
11332
11336
11336
11338
11343
11344
11344
11348
11348
11352
11356
11357
11358
11361
11361
11364
11366
11369
11371
11371
11377
11381
11381
11383
11387
11389
11391
11391
11393
11400
11403
11404
11406
11408
11410
11413
11416
11422
11436
11438
11438
11445
11450
11451
11452
11453
11462
11462
11466
11467
11471
11471
11476
11479
11490
11492
11494
11498
11499
11505
11511
11511
11512
11517
11544
11548
11550
11551
11556
11558
11561
11561
11563
11564
11564
11568
11572
11577
11578
11583
11588
11589
11589
11591
11592
11592
11593
11593
11594
11594
11596
11598
11598
11600
11609
11613
11623
11626
11629
11635
11639
11640
11643
11645
11645
11646
11647
11650
11666
11673
11675
11689
11694
11695
11696
11696
11702
11711
11714
11720
11722
11725
11725
11726
11726
11729
11730
11739
11743
11746
11749
11750
11772
11775
11781
11785
11785
11796
11796
11801
11802
11803
11803
11814
11815
11815
11816
11819
11823
11834
11836
11840
11853
11855
11860
11861
11863
11864
11865
11884
11887
11889
11892
11893
11894
11902
11904
11910
11916
11917
11924
11926
11928
11928
11930
11932
11955
11955
11961
11961
11968
11976
11979
11984
11986
11993
11998
12000
12004
12011
12011
12014
12015
12019
12020
12026
12028
12034
12038
12039
12047
12047
12050
12055
12057
12077
12081
12092
12093
12094
12095
12098
12101
12101
12101
12108
12111
12112
12116
12117
12122
12124
12126
12128
12133
12134
12136
12137
12139
12139
12143
12147
12149
12159
12159
12161
12167
12171
12171
12172
12177
12179
12182
12188
12188
12191
12191
12192
12197
12198
12200
12200
12201
12204
12204
12207
12210
12211
12213
12213
12214
12218
12227
12228
12230
12231
12232
12233
12234
12238
12256
12259
12261
12261
12264
12268
12268
12270
12270
12270
12273
12278
12281
12283
12285
12292
12296
12298
12301
12304
12305
12306
12312
12312
12314
12318
12322
12324
12324
12328
12328
12334
12335
12341
12343
12343
12344
12345
12348
12350
12355
12355
12356
12360
12362
12365
12366
12371
12373
12378
12385
12385
12391
12394
12396
12399
12404
12406
12413
12413
12414
12416
12420
12421
12423
12425
12431
12451
12459
12461
12462
12470
12470
12470
12471
12474
12482
12485
12488
12489
12490
12495
12497
12500
12502
12502
12504
12507
12507
12510
12510
12510
12519
12520
12521
12522
12525
12525
12526
12528
12530
12535
12538
12542
12546
12547
12548
12550
12555
12560
12560
12561
12561
12565
12565
12576
12580
12582
12584
12584
12586
12587
12591
12592
12594
12595
12595
12598
12610
12612
12618
12618
12621
12622
12626
12627
12630
12633
12640
12642
12643
12650
12652
12655
12658
12661
12663
12664
12666
12669
12673
12674
12674
12675
12675
12676
12676
12678
12681
12682
12688
12692
12693
12695
12695
12700
12705
12705
12710
12716
12723
12729
12732
12735
12736
12744
12744
12752
12755
12757
12758
12762
12763
12765
12767
12771
12778
12778
12781
12786
12787
12791
12792
12792
12792
12793
12794
12800
12802
12806
12808
12823
12824
12825
12826
12827
12830
12832
12833
12842
12842
12843
12846
12848
12848
12871
12872
12878
12879
12882
12885
12887
12888
12892
12892
12896
12898
12903
12906
12923
12924
12926
12926
12933
12945
12948
12954
12955
12956
12957
12958
12965
12966
12968
12970
12972
12983
12984
12989
12992
12993
12995
12995
13002
13004
13013
13014
13017
13020
13021
13023
13024
13030
13032
13037
13037
13038
13043
13044
13044
13045
13045
13047
13049
13053
13055
13056
13059
13064
13065
13067
13076
13076
13083
13086
13088
13090
13094
13094
13097
13099
13100
13100
13103
13103
13107
13113
13116
13124
13130
13132
13133
13133
13134
13138
13141
13143
13144
13149
13150
13154
13154
13155
13157
13160
13161
13162
13162
13163
13168
13171
13174
13179
13179
13181
13189
13189
13191
13192
13192
13195
13207
13210
13210
13214
13215
13217
13221
13224
13225
13226
13229
13230
13243
13244
13248
13251
13276
13277
13279
13280
13280
13286
13295
13296
13304
13305
13307
13315
13315
13316
13317
13317
13318
13320
13323
13325
13331
13333
13347
13348
13354
13356
13359
13360
13360
13360
13361
13375
13378
13382
13383
13390
13392
13393
13397
13397
13399
13402
13412
13415
13415
13417
13419
13425
13430
13430
13433
13440
13443
13446
13447
13448
13449
13451
13454
13457
13457
13468
13471
13476
13479
13479
13481
13488
13490
13492
13496
13496
13498
13499
13500
13503
13513
13517
13518
13519
13523
13533
13535
13536
13538
13540
13543
13543
13550
13552
13553
13555
13556
13564
13567
13567
13569
13570
13577
13583
13585
13588
13600
13601
13602
13602
13603
13608
13609
13609
13610
13630
13631
13637
13639
13641
13647
13656
13657
13657
13663
13663
13668
13669
13675
13687
13697
13698
13700
13702
13707
13708
13711
13713
13713
13713
13720
13721
13724
13728
13728
13729
13730
13732
13735
13736
13737
13742
13742
13749
13751
13756
13761
13762
13765
13765
13772
13782
13782
13786
13787
13789
13791
13794
13794
13795
13807
13807
13809
13813
13815
13815
13830
13838
13842
13843
13844
13845
13848
13850
13859
13866
13868
13870
13871
13874
13877
13878
13880
13883
13885
13888
13891
13900
13906
13908
13909
13909
13912
13913
13915
13917
13919
13920
13923
13924
13927
13930
13942
13944
13946
13952
13952
13953
13961
13964
13969
13970
13971
13974
13976
13978
13979
13980
13990
13994
14001
14003
14007
14008
14011
14015
14020
14027
14027
14029
14032
14033
14034
14036
14037
14040
14041
14043
14043
14045
14047
14049
14049
14057
14063
14065
14070
14075
14075
14080
14081
14082
14087
14087
14088
14089
14092
14096
14100
14102
14108
14116
14124
14124
14124
14126
14127
14128
14130
14137
14139
14145
14145
14150
14151
14153
14155
14158
14163
14164
14165
14166
14174
14188
14189
14192
14202
14207
14214
14215
14224
14224
14227
14237
14238
14239
14239
14241
14246
14250
14261
14261
14263
14264
14264
14265
14265
14265
14267
14268
14269
14272
14273
14273
14273
14282
14290
14291
14294
14295
14295
14299
14303
14304
14311
14314
14317
14319
14320
14320
14323
14323
14323
14324
14327
14327
14327
14328
14329
14330
14332
14333
14335
14337
14337
14344
14350
14353
14363
14365
14366
14368
14375
14379
14382
14386
14389
14390
14391
14392
14393
14394
14401
14401
14401
14404
14409
14412
14415
14418
14419
14420
14423
14430
14431
14433
14434
14437
14439
14440
14444
14448
14450
14452
14454
14456
14460
14464
14466
14467
14474
14477
14481
14484
14499
14500
14506
14507
14510
14510
14515
14518
14518
14523
14528
14531
14532
14534
14538
14544
14555
14556
14558
14560
14566
14567
14569
14570
14574
14574
14575
14581
14587
14595
14601
14613
14617
14620
14620
14621
14627
14636
14637
14637
14639
14640
14640
14644
14652
14660
14664
14666
14672
14673
14679
14685
14687
14695
14703
14707
14708
14715
14718
14719
14724
14725
14729
14731
14735
14736
14738
14738
14739
14745
14747
14751
14758
14765
14767
14771
14780
14781
14781
14790
14793
14796
14804
14807
14811
14814
14816
14829
14833
14835
14836
14841
14843
14854
14854
14855
14857
14859
14860
14860
14866
14876
14883
14884
14888
14896
14896
14903
14907
14910
14915
14917
14917
14917
14922
14927
14928
14933
14935
14935
14948
14950
14950
14954
14956
14956
14967
14968
14968
14973
14974
14976
14979
14979
14980
14993
14996
14998
15003
15004
15006
15006
15007
15011
15023
15026
15027
15028
15051
15052
15054
15055
15055
15060
15060
15064
15073
15073
15077
15078
15080
15080
15089
15089
15089
15096
15105
15106
15108
15111
15111
15111
15118
15121
15122
15125
15125
15127
15128
15128
15129
15131
15135
15136
15139
15140
15141
15142
15146
15147
15148
15156
15156
15157
15159
15160
15161
15163
15167
15173
15187
15188
15192
15194
15195
15196
15199
15210
15214
15219
15220
15220
15221
15221
15223
15228
15235
15251
15251
15253
15255
15256
15258
15258
15259
15269
15278
15278
15279
15280
15282
15283
15290
15290
15294
15294
15295
15297
15304
15305
15307
15309
15312
15317
15319
15324
15325
15332
15337
15340
15343
15350
15351
15354
15355
15356
15357
15357
15365
15365
15369
15369
15372
15376
15377
15382
15382
15385
15394
15399
15400
15401
15401
15403
15404
15405
15405
15405
15410
15414
15414
15416
15417
15418
15422
15423
15430
15430
15435
15437
15443
15452
15455
15457
15464
15464
15466
15466
15480
15480
15484
15486
15487
15489
15493
15497
15498
15501
15504
15508
15508
15508
15509
15510
15513
15519
15525
15530
15530
15533
15533
15535
15536
15536
15546
15553
15554
15558
15562
15562
15566
15569
15576
15579
15581
15584
15595
15600
15609
15615
15616
15618
15622
15629
15629
15638
15639
15641
15645
15650
15651
15657
15658
15662
15663
15664
15665
15670
15671
15676
15677
15680
15683
15684
15689
15689
15696
15703
15706
15708
15708
15711
15712
15714
15717
15722
15723
15724
15729
15730
15736
15747
15747
15750
15751
15752
15755
15757
15761
15767
15768
15770
15771
15774
15778
15780
15782
15786
15790
15791
15798
15799
15802
15804
15806
15809
15812
15813
15816
15816
15817
15821
15822
15827
15829
15833
15833
15837
15838
15839
15840
15841
15841
15842
15843
15844
15852
15857
15859
15861
15865
15866
15875
15881
15884
15892
15895
15895
15898
15901
15904
15908
15910
15915
15916
15918
15920
15922
15924
15926
15928
15935
15936
15954
15954
15957
15961
15963
15969
15969
15981
15988
15993
15998
16004
16006
16015
16015
16017
16020
16020
16024
16024
16024
16025
16034
16038
16041
16042
16043
16044
16044
16050
16051
16051
16061
16061
16061
16064
16066
16067
16069
16069
16074
16075
16077
16078
16082
16083
16085
16085
16088
16092
16093
16095
16096
16098
16101
16103
16103
16104
16111
16113
16114
16116
16118
16120
16123
16129
16131
16139
16143
16144
16160
16160
16164
16166
16174
16177
16187
16188
16194
16196
16201
16212
16214
16215
16217
16228
16239
16240
16242
16248
16248
16249
16251
16259
16264
16268
16269
16281
16288
16291
16292
16295
16304
16307
16308
16309
16316
16317
16326
16326
16328
16339
16339
16340
16346
16348
16353
16354
16357
16358
16362
16366
16377
16380
16381
16387
16388
16390
16390
16391
16396
16398
16399
16407
16407
16414
16414
16415
16415
16419
16419
16421
16421
16426
16430
16432
16435
16448
16454
16455
16457
16457
16457
16458
16459
16460
16461
16461
16462
16462
16463
16464
16465
16466
16468
16471
16472
16472
16477
16480
16481
16484
16486
16491
16491
16492
16494
16498
16501
16505
16527
16527
16532
16534
16535
16535
16536
16543
16552
16553
16558
16567
16568
16568
16569
16572
16573
16573
16576
16576
16584
16586
16587
16594
16597
16598
16600
16602
16607
16611
16611
16612
16618
16623
16628
16632
16635
16640
16642
16642
16642
16642
16648
16651
16654
16656
16656
16667
16667
16667
16671
16675
16680
16688
16691
16693
16698
16704
16704
16705
16707
16722
16724
16724
16736
16737
16753
16756
16758
16760
16762
16767
16773
16773
16787
16788
16790
16797
16800
16801
16807
16809
16815
16820
16821
16823
16823
16828
16829
16836
16840
16846
16859
16860
16867
16876
16879
16887
16889
16893
16894
16895
16905
16907
16921
16925
16926
16927
16934
16945
16947
16953
16956
16958
16963
16964
16967
16968
16969
16972
16974
16976
16976
16977
16977
16979
16985
16993
16994
16996
16997
16999
17008
17010
17017
17027
17028
17029
17039
17044
17044
17048
17051
17053
17053
17054
17056
17056
17058
17064
17067
17070
17071
17073
17074
17076
17079
17085
17090
17091
17091
17103
17107
17116
17117
17123
17131
17133
17134
17139
17140
17141
17147
17147
17157
17162
17176
17177
17178
17180
17181
17183
17186
17187
17202
17208
17209
17217
17218
17220
17220
17227
17229
17241
17245
17249
17251
17254
17256
17257
17263
17282
17283
17289
17298
17300
17300
17301
17301
17302
17304
17306
17315
17320
17322
17327
17331
17335
17336
17339
17343
17348
17353
17365
17369
17372
17374
17378
17385
17387
17389
17400
17402
17402
17405
17409
17412
17413
17416
17416
17420
17422
17424
17424
17426
17427
17429
17434
17438
17444
17447
17452
17457
17460
17464
17473
17476
17478
17480
17482
17483
17498
17498
17504
17513
17517
17517
17519
17520
17527
17528
17528
17530
17538
17539
17543
17546
17546
17548
17552
17560
17564
17566
17566
17567
17569
17569
17570
17575
17575
17577
17579
17580
17584
17585
17585
17587
17587
17601
17601
17606
17607
17609
17613
17616
17619
17620
17620
17621
17621
17628
17629
17637
17645
17645
17646
17648
17651
17653
17655
17655
17663
17669
17672
17678
17679
17697
17707
17713
17713
17715
17720
17724
17729
17730
17733
17739
17741
17744
17745
17746
17750
17751
17753
17754
17757
17763
17764
17769
17772
17775
17775
17780
17782
17787
17788
17791
17792
17793
17793
17794
17803
17805
17806
17807
17811
17814
17821
17827
17828
17830
17831
17833
17833
17840
17842
17843
17843
17847
17851
17860
17865
17867
17867
17872
17881
17890
17891
17894
17896
17904
17907
17912
17915
17919
17923
17925
17928
17930
17931
17936
17939
17942
17945
17953
17954
17965
17966
17969
17970
17971
17971
17972
17974
17975
17976
17980
17983
17989
17995
17996
17999
18001
18001
18002
18003
18005
18008
18009
18010
18015
18018
18020
18021
18025
18027
18034
18034
18039
18043
18047
18049
18050
18052
18053
18053
18062
18064
18068
18070
18071
18073
18082
18085
18092
18093
18093
18093
18094
18094
18097
18099
18105
18114
18114
18116
18122
18140
18149
18158
18158
18160
18162
18163
18164
18165
18172
18182
18198
18200
18200
18204
18206
18206
18207
18211
18216
18221
18222
18232
18233
18234
18239
18241
18242
18244
18246
18248
18250
18255
18255
18257
18258
18258
18261
18262
18263
18264
18264
18265
18266
18271
18275
18276
18277
18292
18296
18297
18297
18298
18300
18302
18309
18311
18315
18320
18321
18322
18323
18323
18324
18324
18334
18335
18336
18340
18346
18347
18348
18349
18355
18359
18360
18362
18366
18371
18373
18373
18377
18378
18379
18382
18388
18393
18408
18408
18415
18422
18427
18430
18432
18433
18435
18451
18453
18453
18458
18460
18463
18468
18474
18476
18476
18479
18480
18483
18486
18486
18494
18495
18501
18503
18504
18508
18508
18510
18510
18513
18519
18530
18540
18555
18559
18560
18565
18565
18566
18571
18574
18575
18576
18576
18580
18588
18594
18594
18596
18597
18608
18608
18608
18611
18611
18614
18614
18615
18617
18619
18619
18625
18625
18635
18635
18642
18645
18645
18647
18648
18650
18650
18654
18670
18671
18675
18679
18686
18687
18691
18693
18699
18700
18705
18707
18708
18712
18715
18728
18745
18752
18754
18757
18762
18764
18764
18765
18769
18772
18775
18776
18784
18785
18785
18801
18802
18807
18808
18809
18810
18810
18814
18817
18820
18822
18826
18831
18833
18842
18854
18856
18860
18863
18867
18869
18875
18876
18879
18881
18895
18898
18898
18901
18909
18910
18911
18914
18914
18915
18916
18923
18926
18926
18929
18933
18934
18937
18947
18950
18953
18953
18957
18957
18958
18961
18961
18967
18968
18979
18980
18982
18983
18984
18986
18996
18996
18997
19002
19004
19005
19015
19015
19017
19023
19024
19028
19029
19029
19030
19030
19032
19040
19042
19049
19053
19054
19055
19060
19060
19061
19064
19065
19068
19069
19076
19078
19080
19084
19085
19086
19087
19088
19094
19094
19096
19101
19106
19123
19125
19125
19125
19130
19131
19132
19135
19137
19141
19142
19143
19146
19148
19153
19154
19156
19157
19158
19158
19160
19165
19166
19167
19169
19170
19180
19184
19187
19188
19192
19194
19196
19196
19202
19202
19204
19207
19214
19218
19219
19219
19221
19226
19228
19242
19244
19247
19251
19266
19273
19280
19289
19294
19301
19302
19322
19328
19331
19332
19333
19337
19340
19343
19345
19351
19353
19354
19355
19356
19360
19367
19369
19371
19375
19386
19388
19390
19391
19393
19402
19413
19425
19425
19425
19427
19430
19434
19435
19438
19439
19441
19448
19453
19455
19456
19457
19457
19461
19462
19462
19466
19471
19476
19476
19478
19481
19489
19490
19491
19492
19495
19498
19500
19509
19510
19511
19516
19518
19522
19528
19528
19528
19531
19534
19538
19538
19539
19542
19545
19547
19551
19551
19562
19562
19562
19565
19565
19567
19568
19571
19573
19573
19575
19578
19582
19586
19591
19597
19601
19603
19608
19608
19614
19615
19615
19618
19618
19621
19625
19626
19626
19626
19630
19632
19637
19639
19644
19652
19653
19657
19660
19661
19665
19665
19666
19674
19674
19676
19677
19682
19685
19690
19692
19702
19702
19704
19710
19710
19711
19714
19717
19724
19725
19729
19730
19733
19736
19736
19748
19750
19754
19754
19757
19762
19763
19764
19767
19776
19778
19792
19802
19804
19806
19811
19813
19813
19814
19814
19823
19824
19824
19825
19831
19832
19833
19840
19842
19842
19847
19848
19853
19855
19855
19862
19868
19869
19869
19870
19871
19880
19885
19886
19893
19900
19902
19903
19905
19905
19906
19908
19910
19910
19911
19916
19918
19919
19925
19926
19936
19943
19943
19948
19953
19954
19955
19956
19960
19962
19981
19983
19987
19992
19995
19996
20008
20019
20019
20020
20023
20023
20030
20030
20033
20033
20035
20035
20037
20043
20045
20045
20048
20055
20056
20065
20069
20069
20080
20081
20090
20090
20092
20098
20100
20109
20110
20111
20114
20114
20120
20121
20124
20128
20129
20136
20139
20140
20140
20142
20150
20152
20155
20155
20157
20162
20164
20169
20170
20175
20183
20185
20186
20186
20191
20192
20196
20198
20198
20198
20204
20207
20211
20213
20214
20214
20214
20217
20220
20221
20223
20225
20226
20229
20231
20232
20236
20239
20241
20245
20247
20249
20254
20256
20256
20259
20263
20265
20272
20273
20275
20276
20281
20288
20294
20296
20301
20302
20307
20311
20312
20313
20321
20322
20322
20325
20330
20332
20333
20334
20336
20347
20348
20352
20359
20364
20365
20366
20368
20370
20375
20378
20380
20392
20399
20401
20407
20407
20408
20409
20410
20413
20415
20416
20419
20419
20421
20423
20424
20426
20427
20428
20429
20432
20438
20442
20451
20461
20462
20463
20464
20467
20482
20488
20489
20489
20490
20491
20493
20493
20494
20497
20500
20505
20510
20517
20524
20525
20525
20525
20535
20535
20538
20540
20542
20547
20548
20548
20551
20555
20557
20559
20562
20563
20563
20568
20576
20577
20577
20577
20577
20578
20580
20582
20584
20584
20586
20588
20590
20591
20595
20597
20599
20601
20602
20602
20604
20605
20612
20615
20617
20617
20622
20625
20626
20628
20631
20635
20640
20642
20647
20651
20654
20659
20661
20662
20663
20666
20666
20670
20671
20678
20689
20692
20698
20698
20701
20701
20705
20707
20707
20708
20709
20712
20717
20720
20721
20723
20723
20726
20733
20734
20743
20746
20746
20749
20754
20760
20766
20767
20767
20773
20778
20780
20780
20782
20782
20784
20789
20789
20790
20791
20792
20799
20799
20807
20807
20810
20812
20814
20821
20822
20823
20823
20826
20836
20837
20842
20842
20850
20852
20852
20855
20862
20864
20865
20868
20868
20869
20870
20874
20876
20882
20888
20890
20900
20901
20903
20914
20916
20922
20929
20933
20946
20948
20953
20953
20956
20956
20961
20961
20964
20964
20969
20971
20971
20971
20976
20980
20981
20982
20984
20987
20990
20995
21000
21002
21005
21006
21008
21017
21017
21026
21028
21028
21029
21032
21033
21040
21046
21049
21051
21054
21056
21062
21063
21067
21084
21085
21087
21092
21095
21101
21104
21107
21108
21108
21111
21112
21113
21123
21123
21124
21133
21146
21147
21156
21157
21159
21170
21173
21174
21175
21175
21177
21181
21181
21185
21192
21200
21207
21209
21211
21215
21216
21219
21236
21240
21244
21244
21248
21248
21251
21254
21255
21257
21261
21262
21269
21275
21276
21297
21297
21300
21300
21302
21302
21307
21311
21312
21313
21318
21321
21327
21331
21335
21336
21339
21340
21340
21343
21346
21348
21362
21362
21367
21379
21387
21387
21388
21388
21392
21394
21396
21407
21412
21415
21416
21417
21417
21420
21422
21423
21432
21435
21438
21439
21443
21447
21448
21454
21456
21458
21464
21464
21467
21470
21470
21471
21476
21484
21485
21492
21495
21498
21506
21509
21511
21512
21517
21518
21523
21524
21525
21527
21528
21529
21529
21531
21531
21533
21535
21539
21556
21558
21561
21564
21565
21568
21574
21578
21580
21581
21582
21583
21589
21589
21592
21593
21598
21602
21606
21614
21617
21632
21635
21643
21644
21647
21649
21650
21651
21652
21652
21655
21656
21658
21661
21662
21664
21665
21669
21683
21684
21688
21693
21694
21697
21699
21703
21705
21707
21708
21712
21716
21717
21718
21719
21720
21725
21733
21735
21735
21737
21744
21748
21748
21749
21750
21753
21756
21757
21757
21759
21762
21765
21766
21772
21773
21776
21777
21779
21781
21793
21794
21797
21798
21808
21808
21813
21815
21819
21827
21831
21832
21833
21835
21841
21843
21843
21844
21852
21852
21855
21856
21858
21861
21866
21870
21871
21883
21884
21892
21894
21896
21896
21898
21904
21907
21908
21916
21924
21929
21932
21934
21940
21947
21948
21958
21964
21968
21969
21972
21972
21972
21975
21976
21976
21977
21979
21981
21982
21983
21994
22011
22011
22014
22017
22024
22025
22026
22027
22030
22030
22031
22036
22042
22051
22057
22059
22075
22081
22081
22082
22087
22091
22092
22093
22094
22096
22099
22106
22110
22110
22125
22127
22133
22136
22138
22138
22145
22146
22149
22150
22158
22159
22161
22176
22179
22189
22191
22192
22194
22194
22195
22198
22213
22214
22219
22231
22236
22237
22237
22240
22245
22245
22248
22252
22255
22255
22262
22263
22264
22265
22273
22274
22276
22279
22284
22286
22288
22290
22292
22292
22295
22306
22309
22312
22312
22314
22314
22316
22318
22319
22333
22337
22345
22349
22352
22357
22358
22363
22364
22384
22392
22392
22392
22395
22398
22401
22413
22415
22417
22421
22425
22425
22427
22434
22436
22438
22441
22442
22447
22449
22451
22452
22458
22458
22459
22463
22465
22468
22469
22471
22471
22472
22483
22484
22486
22486
22488
22490
22505
22505
22507
22509
22509
22529
22531
22532
22534
22537
22543
22549
22552
22558
22562
22572
22574
22574
22576
22577
22577
22579
22587
22590
22596
22612
22612
22613
22614
22615
22620
22622
22623
22628
22630
22633
22634
22634
22639
22648
22652
22653
22655
22663
22663
22663
22664
22665
22666
22668
22672
22674
22675
22687
22687
22690
22691
22693
22704
22709
22721
22724
22724
22726
22731
22734
22737
22737
22739
22746
22749
22751
22752
22756
22757
22757
22760
22762
22782
22791
22791
22797
22800
22801
22806
22806
22807
22807
22814
22821
22821
22824
22827
22827
22828
22831
22833
22834
22837
22840
22846
22846
22847
22850
22853
22855
22856
22858
22859
22859
22864
22864
22868
22870
22874
22876
22878
22879
22880
22882
22882
22889
22893
22897
22899
22899
22904
22912
22913
22917
22919
22919
22920
22921
22932
22937
22938
22940
22942
22944
22952
22952
22953
22953
22955
22961
22962
22970
22972
22980
22981
22987
22989
22990
22991
22993
22996
22998
23010
23010
23014
23019
23024
23028
23034
23040
23040
23043
23043
23045
23048
23050
23054
23055
23055
23059
23060
23063
23065
23072
23080
23087
23087
23095
23098
23102
23103
23105
23107
23111
23112
23113
23113
23117
23118
23120
23140
23144
23145
23153
23160
23160
23168
23170
23172
23172
23173
23192
23193
23196
23197
23203
23204
23205
23212
23215
23226
23227
23229
23229
23230
23230
23231
23232
23232
23240
23267
23269
23272
23272
23273
23281
23284
23290
23294
23296
23302
23303
23308
23311
23312
23315
23317
23321
23333
23336
23339
23339
23344
23344
23349
23350
23350
23354
23357
23365
23366
23371
23373
23373
23374
23378
23384
23391
23405
23405
23412
23412
23416
23421
23424
23424
23429
23432
23433
23436
23436
23439
23440
23444
23451
23452
23462
23465
23473
23488
23491
23493
23496
23500
23500
23503
23504
23507
23515
23523
23528
23530
23536
23537
23537
23543
23548
23550
23560
23563
23569
23575
23577
23578
23578
23584
23586
23589
23590
23595
23608
23611
23612
23615
23625
23626
23628
23628
23628
23632
23635
23636
23643
23650
23656
23659
23660
23666
23676
23677
23684
23685
23686
23687
23693
23694
23696
23698
23703
23707
23718
23719
23719
23720
23722
23723
23724
23726
23727
23728
23732
23735
23737
23737
23738
23745
23748
23749
23749
23753
23755
23756
23759
23760
23760
23762
23768
23769
23773
23776
23777
23780
23783
23791
23791
23791
23793
23793
23795
23799
23808
23809
23810
23811
23818
23823
23833
23838
23838
23841
23842
23845
23849
23854
23864
23864
23864
23872
23872
23878
23881
23881
23884
23884
23886
23887
23887
23889
23892
23892
23892
23895
23900
23906
23909
23916
23920
23921
23928
23932
23933
23933
23933
23934
23936
23939
23946
23947
23949
23956
23958
23958
23958
23961
23962
23968
23993
24000
24004
24008
24008
24010
24015
24016
24020
24020
24023
24028
24033
24034
24036
24036
24036
24041
24041
24044
24049
24050
24050
24058
24059
24059
24071
24075
24079
24082
24082
24085
24087
24088
24092
24094
24094
24102
24103
24104
24105
24108
24116
24122
24122
24123
24124
24124
24135
24140
24148
24148
24149
24150
24152
24156
24167
24167
24169
24171
24174
24178
24179
24189
24191
24200
24206
24212
24212
24227
24228
24236
24239
24250
24253
24254
24256
24259
24266
24267
24270
24273
24283
24294
24296
24297
24304
24308
24308
24309
24317
24323
24324
24327
24329
24330
24335
24340
24348
24354
24356
24363
24365
24367
24370
24371
24372
24372
24376
24377
24379
24384
24384
24391
24400
24409
24420
24421
24423
24424
24433
24438
24439
24443
24448
24450
24452
24452
24454
24455
24457
24459
24463
24464
24469
24476
24478
24479
24481
24483
24483
24491
24491
24493
24495
24495
24498
24501
24508
24514
24515
24518
24520
24522
24524
24524
24524
24530
24532
24534
24537
24543
24545
24547
24550
24552
24553
24558
24560
24569
24569
24574
24575
24575
24580
24582
24583
24587
24589
24591
24593
24593
24613
24615
24617
24620
24621
24624
24635
24637
24637
24638
24645
24645
24649
24664
24666
24667
24668
24670
24672
24677
24683
24688
24694
24697
24702
24704
24704
24705
24708
24710
24714
24719
24720
24721
24722
24723
24724
24729
24733
24735
24737
24741
24747
24754
24761
24761
24775
24778
24778
24782
24784
24792
24798
24798
24800
24803
24804
24812
24812
24813
24816
24824
24826
24827
24828
24836
24844
24854
24854
24859
24860
24865
24868
24873
24874
24874
24875
24880
24885
24890
24895
24900
24902
24904
24904
24904
24911
24917
24921
24922
24926
24928
24928
24930
24933
24940
24948
24949
24950
24953
24953
24955
24958
24965
24966
24966
24970
24972
24973
24980
24990
24990
24993
24999
25004
25010
25010
25024
25025
25026
25030
25031
25034
25036
25037
25038
25039
25050
25052
25055
25056
25069
25071
25072
25074
25075
25077
25082
25084
25088
25089
25096
25099
25103
25104
25108
25110
25110
25117
25117
25123
25129
25131
25133
25139
25140
25143
25144
25146
25146
25156
25157
25157
25158
25160
25161
25164
25167
25168
25171
25171
25174
25174
25186
25188
25193
25193
25196
25196
25202
25209
25213
25214
25216
25218
25218
25223
25227
25231
25235
25243
25248
25262
25266
25272
25276
25279
25279
25285
25286
25287
25290
25294
25297
25298
25299
25304
25310
25316
25319
25323
25327
25330
25334
25334
25337
25341
25341
25343
25344
25356
25356
25360
25362
25364
25366
25366
25367
25371
25377
25386
25386
25387
25387
25394
25395
25396
25399
25400
25401
25402
25411
25413
25416
25423
25424
25432
25434
25438
25438
25438
25439
25441
25443
25458
25461
25468
25468
25480
25481
25481
25485
25487
25490
25493
25493
25498
25500
25501
25507
25512
25512
25521
25521
25522
25523
25526
25527
25528
25528
25529
25529
25530
25530
25535
25538
25546
25554
25559
25561
25575
25580
25587
25590
25595
25601
25604
25609
25609
25611
25612
25614
25616
25617
25619
25621
25623
25633
25634
25646
25646
25646
25648
25649
25649
25651
25651
25652
25652
25653
25656
25656
25658
25658
25659
25663
25666
25670
25673
25675
25679
25684
25687
25695
25697
25698
25698
25707
25711
25714
25717
25724
25724
25734
25738
25747
25755
25758
25759
25759
25763
25771
25781
25785
25796
25797
25806
25806
25808
25810
25812
25814
25819
25831
25832
25837
25837
25837
25838
25839
25841
25842
25843
25848
25849
25850
25852
25867
25875
25877
25880
25882
25884
25885
25893
25894
25896
25897
25900
25912
25914
25918
25923
25926
25926
25930
25944
25947
25950
25952
25958
25961
25969
25973
25978
25979
25985
25987
25988
25997
26003
26008
26008
26013
26014
26017
26018
26019
26023
26024
26024
26026
26031
26039
26040
26043
26043
26045
26048
26049
26049
26051
26052
26052
26062
26066
26067
26068
26068
26070
26075
26075
26076
26079
26081
26082
26088
26091
26093
26098
26100
26101
26103
26104
26123
26128
26137
26140
26141
26141
26142
26142
26143
26143
26143
26144
26144
26149
26149
26151
26153
26159
26161
26163
26168
26169
26172
26172
26172
26175
26176
26177
26181
26183
26189
26191
26192
26199
26204
26204
26216
26218
26227
26227
26230
26239
26239
26241
26242
26245
26246
26255
26255
26262
26264
26265
26266
26273
26273
26275
26286
26291
26294
26316
26322
26329
26331
26331
26331
26335
26337
26340
26344
26345
26348
26352
26358
26359
26360
26360
26362
26368
26369
26373
26373
26376
26378
26384
26384
26385
26389
26390
26394
26405
26409
26410
26412
26414
26414
26416
26416
26420
26422
26424
26425
26429
26435
26436
26436
26440
26441
26442
26443
26445
26445
26468
26478
26479
26485
26497
26503
26511
26517
26519
26519
26523
26525
26531
26537
26537
26540
26542
26556
26556
26558
26559
26565
26566
26573
26575
26576
26576
26586
26588
26590
26594
26595
26602
26604
26618
26622
26627
26627
26630
26632
26637
26639
26643
26645
26650
26653
26658
26660
26660
26663
26666
26668
26669
26673
26680
26686
26687
26691
26697
26701
26702
26704
26709
26710
26719
26719
26720
26723
26724
26726
26726
26731
26731
26734
26736
26746
26747
26749
26750
26751
26753
26754
26755
26759
26769
26772
26774
26788
26790
26790
26791
26792
26793
26795
26795
26798
26800
26810
26815
26816
26819
26823
26829
26832
26836
26837
26841
26843
26844
26844
26847
26848
26848
26849
26852
26853
26854
26867
26875
26877
26880
26893
26894
26896
26899
26908
26909
26913
26924
26926
26927
26930
26931
26936
26938
26944
26945
26947
26949
26949
26957
26957
26958
26959
26959
26959
26962
26964
26966
26968
26982
26984
26996
26996
27004
27009
27011
27014
27019
27023
27024
27026
27030
27036
27049
27050
27056
27058
27064
27078
27089
27092
27094
27095
27099
27108
27108
27109
27110
27116
27117
27118
27121
27130
27131
27134
27142
27144
27149
27151
27155
27156
27157
27160
27162
27163
27164
27170
27171
27175
27180
27181
27183
27186
27186
27187
27189
27189
27197
27205
27206
27207
27211
27214
27217
27224
27226
27234
27237
27239
27244
27248
27249
27257
27265
27266
27266
27267
27268
27268
27282
27283
27283
27284
27291
27297
27308
27315
27316
27318
27321
27322
27323
27323
27337
27345
27349
27363
27365
27366
27372
27376
27379
27379
27385
27387
27387
27388
27392
27393
27394
27399
27401
27402
27404
27406
27408
27411
27414
27416
27418
27421
27422
27424
27433
27436
27438
27440
27441
27450
27450
27453
27454
27456
27460
27464
27465
27468
27468
27474
27474
27475
27479
27480
27488
27489
27496
27512
27513
27513
27514
27514
27514
27515
27521
27531
27532
27533
27536
27537
27538
27538
27541
27547
27549
27553
27553
27554
27557
27559
27564
27565
27565
27565
27567
27568
27572
27575
27577
27577
27579
27583
27584
27585
27589
27589
27592
27593
27594
27595
27599
27601
27603
27606
27608
27608
27609
27616
27616
27618
27624
27627
27628
27629
27630
27631
27634
27634
27638
27639
27639
27640
27646
27648
27652
27659
27663
27668
27671
27674
27674
27677
27686
27688
27688
27690
27691
27693
27699
27703
27703
27707
27711
27720
27723
27723
27725
27725
27725
27726
27726
27728
27738
27741
27744
27745
27746
27747
27748
27761
27763
27764
27770
27771
27774
27782
27783
27788
27805
27810
27812
27812
27821
27822
27822
27822
27824
27826
27830
27830
27831
27835
27837
27844
27847
27847
27847
27849
27852
27854
27854
27857
27866
27867
27868
27870
27871
27872
27876
27877
27886
27887
27893
27894
27900
27901
27905
27907
27909
27914
27917
27918
27922
27927
27927
27929
27936
27939
27940
27944
27952
27954
27959
27961
27963
27964
27966
27970
27970
27971
27976
27978
27986
27987
27989
27992
27995
28000
28000
28001
28004
28006
28006
28008
28017
28019
28021
28024
28032
28035
28043
28046
28047
28052
28052
28053
28054
28064
28068
28071
28083
28084
28090
28094
28095
28095
28096
28098
28099
28105
28106
28107
28114
28120
28133
28141
28158
28160
28163
28168
28170
28172
28178
28188
28189
28195
28196
28198
28205
28208
28209
28214
28224
28229
28229
28234
28235
28236
28243
28243
28244
28250
28251
28252
28254
28265
28266
28267
28270
28272
28273
28276
28277
28278
28281
28285
28291
28291
28293
28295
28297
28300
28301
28307
28308
28310
28312
28314
28318
28319
28320
28322
28326
28331
28331
28340
28342
28346
28347
28350
28354
28365
28379
28381
28385
28387
28388
28389
28393
28398
28399
28400
28401
28403
28406
28411
28414
28418
28437
28437
28438
28438
28439
28440
28440
28441
28441
28444
28447
28447
28448
28455
28459
28471
28472
28477
28478
28479
28484
28485
28488
28491
28497
28500
28506
28514
28516
28517
28521
28521
28523
28523
28529
28534
28537
28541
28543
28545
28548
28552
28560
28567
28580
28581
28582
28585
28590
28591
28592
28594
28602
28602
28604
28605
28606
28609
28610
28611
28617
28627
28630
28632
28633
28635
28639
28639
28643
28649
28652
28653
28653
28655
28667
28672
28672
28672
28672
28686
28687
28694
28698
28703
28708
28710
28712
28722
28725
28736
28737
28749
28777
28779
28780
28781
28784
28787
28792
28794
28799
28802
28804
28805
28808
28809
28812
28820
28830
28831
28837
28839
28841
28844
28846
28848
28851
28863
28865
28867
28868
28868
28872
28873
28884
28887
28889
28890
28891
28891
28901
28903
28905
28907
28908
28912
28912
28913
28916
28919
28926
28927
28927
28930
28932
28934
28935
28937
28938
28951
28955
28957
28961
28963
28968
28971
28971
28977
28980
28980
28987
28989
28995
28997
28999
29000
29000
29005
29011
29016
29022
29023
29028
29030
29033
29033
29038
29041
29044
29047
29047
29047
29048
29048
29066
29067
29069
29069
29070
29070
29071
29077
29077
29081
29081
29081
29082
29083
29084
29092
29096
29101
29104
29104
29107
29111
29112
29113
29115
29115
29117
29118
29119
29120
29124
29135
29135
29137
29138
29139
29142
29143
29145
29147
29150
29150
29150
29161
29170
29172
29174
29178
29194
29200
29207
29214
29222
29222
29223
29225
29233
29234
29236
29238
29247
29248
29249
29249
29251
29253
29267
29269
29271
29281
29282
29286
29288
29294
29306
29310
29318
29325
29329
29335
29336
29340
29342
29345
29347
29351
29354
29365
29366
29375
29377
29381
29384
29387
29400
29401
29403
29403
29411
29415
29423
29423
29426
29427
29432
29435
29435
29436
29440
29444
29449
29452
29457
29458
29458
29460
29462
29466
29471
29474
29475
29477
29478
29479
29480
29484
29486
29489
29489
29490
29496
29498
29503
29503
29503
29504
29504
29506
29510
29517
29533
29540
29544
29544
29545
29545
29545
29548
29549
29556
29565
29582
29583
29583
29590
29593
29595
29604
29605
29609
29619
29626
29628
29628
29630
29631
29631
29635
29637
29643
29643
29643
29643
29649
29662
29664
29669
29673
29676
29676
29677
29677
29680
29683
29685
29686
29692
29695
29695
29696
29697
29703
29707
29708
29708
29708
29709
29710
29711
29713
29715
29718
29719
29719
29722
29728
29729
29735
29739
29741
29742
29744
29747
29750
29753
29756
29759
29763
29766
29770
29773
29777
29780
29782
29783
29786
29789
29794
29796
29800
29805
29822
29823
29825
29832
29833
29838
29842
29847
29851
29855
29856
29859
29860
29862
29864
29873
29873
29884
29889
29896
29901
29902
29903
29910
29914
29914
29915
29916
29916
29919
29921
29921
29926
29928
29932
29932
29942
29947
29957
29959
29966
29976
29978
29980
29981
29991
29995
29995
30001
30006
30007
30009
30010
30012
30016
30018
30019
30022
30031
30035
30036
30046
30058
30063
30064
30071
30073
30075
30080
30081
30081
30083
30087
30089
30092
30093
30096
30097
30101
30109
30121
30124
30134
30137
30138
30143
30147
30148
30149
30151
30151
30155
30155
30155
30162
30163
30165
30167
30168
30170
30176
30177
30183
30193
30194
30197
30198
30207
30211
30212
30214
30216
30220
30221
30223
30225
30227
30240
30241
30243
30245
30249
30250
30251
30262
30271
30275
30283
30284
30284
30293
30304
30304
30304
30304
30305
30312
30316
30318
30319
30324
30329
30332
30333
30348
30355
30356
30369
30369
30373
30375
30376
30380
30381
30383
30385
30388
30388
30394
30398
30400
30401
30402
30409
30418
30421
30421
30423
30425
30426
30427
30433
30434
30434
30437
30439
30442
30444
30448
30450
30452
30454
30459
30459
30461
30463
30466
30470
30471
30479
30479
30481
30482
30484
30485
30487
30492
30492
30493
30497
30499
30504
30508
30515
30523
30525
30532
30535
30539
30540
30545
30546
30548
30555
30555
30557
30558
30561
30563
30568
30569
30569
30569
30570
30572
30572
30580
30583
30588
30591
30598
30608
30611
30620
30621
30623
30624
30624
30625
30626
30636
30636
30644
30645
30646
30646
30650
30653
30672
30673
30676
30677
30679
30680
30683
30692
30699
30700
30701
30715
30722
30723
30723
30729
30731
30735
30736
30737
30741
30747
30750
30753
30756
30779
30782
30783
30788
30797
30797
30808
30811
30813
30814
30823
30826
30829
30831
30839
30840
30851
30854
30854
30858
30860
30863
30864
30864
30879
30882
30888
30890
30893
30904
30910
30915
30922
30927
30932
30938
30939
30940
30942
30946
30954
30954
30955
30959
30962
30970
30973
30977
30983
30986
30986
30986
30989
30990
30995
30996
30998
30998
30998
30999
31004
31009
31016
31019
31022
31023
31024
31027
31027
31027
31027
31032
31033
31037
31042
31042
31042
31044
31050
31051
31059
31064
31064
31069
31074
31075
31076
31077
31078
31078
31088
31090
31091
31093
31097
31100
31102
31107
31108
31116
31127
31134
31144
31147
31148
31149
31151
31152
31155
31157
31160
31162
31173
31176
31183
31183
31185
31185
31186
31186
31188
31189
31191
31192
31203
31211
31212
31212
31213
31214
31217
31226
31231
31232
31233
31240
31245
31246
31249
31255
31256
31261
31263
31264
31264
31266
31271
31271
31280
31284
31288
31289
31292
31306
31310
31311
31314
31314
31315
31316
31318
31319
31321
31321
31322
31327
31328
31340
31345
31349
31353
31357
31359
31365
31365
31365
31371
31376
31383
31384
31385
31388
31392
31393
31394
31394
31395
31405
31409
31412
31419
31423
31424
31425
31428
31434
31437
31439
31455
31456
31460
31461
31463
31465
31467
31468
31476
31476
31477
31479
31479
31480
31483
31486
31489
31490
31494
31497
31500
31501
31501
31506
31507
31509
31510
31513
31520
31520
31524
31524
31526
31526
31527
31529
31531
31535
31537
31540
31543
31545
31546
31548
31552
31553
31559
31561
31561
31567
31567
31577
31578
31585
31586
31586
31597
31601
31606
31611
31614
31615
31620
31621
31625
31627
31630
31634
31641
31643
31645
31646
31649
31663
31667
31671
31674
31674
31675
31685
31686
31689
31692
31710
31710
31716
31717
31718
31719
31719
31731
31734
31739
31742
31747
31754
31756
31761
31764
31771
31774
31774
31775
31775
31775
31787
31790
31790
31791
31795
31796
31799
31803
31806
31807
31809
31810
31811
31812
31820
31822
31824
31826
31833
31835
31836
31838
31841
31843
31843
31844
31865
31869
31876
31882
31885
31886
31893
31897
31898
31905
31907
31924
31924
31927
31930
31936
31938
31955
31964
31965
31969
31972
31978
31981
31985
31990
31990
31995
32002
32005
32008
32009
32012
32026
32027
32028
32030
32042
32042
32042
32043
32046
32050
32052
32056
32061
32062
32069
32071
32075
32076
32079
32080
32080
32081
32082
32084
32085
32088
32091
32091
32096
32104
32115
32116
32122
32127
32129
32130
32131
32134
32137
32139
32147
32149
32149
32155
32159
32166
32172
32177
32179
32180
32184
32190
32191
32195
32196
32200
32209
32214
32215
32215
32216
32216
32218
32220
32221
32223
32224
32225
32227
32229
32230
32235
32239
32242
32244
32245
32249
32253
32256
32258
32259
32268
32268
32269
32269
32272
32273
32279
32281
32285
32287
32291
32295
32297
32305
32307
32310
32313
32314
32315
32318
32321
32322
32324
32325
32327
32328
32336
32340
32344
32346
32348
32350
32354
32358
32369
32380
32384
32386
32387
32388
32390
32398
32401
32408
32408
32414
32414
32417
32424
32429
32438
32441
32444
32444
32444
32450
32451
32456
32459
32469
32478
32478
32487
32489
32500
32507
32508
32525
32527
32550
32555
32556
32557
32557
32563
32564
32569
32570
32573
32574
32575
32576
32580
32581
32582
32585
32586
32590
32597
32600
32609
32612
32613
32614
32615
32619
32620
32622
32623
32625
32625
32626
32629
32630
32637
32641
32648
32654
32657
32657
32659
32663
32666
32667
32670
32671
32675
32682
32684
32696
32697
32697
32701
32705
32706
32706
32707
32711
32712
32715
32717
32718
32721
32724
32731
32733
32734
32738
32740
32749
32754
32758
32759
32760
32760
32764
