1000
45
103
125
132
143
168
169
188
228
257
268
301
307
310
313
328
365
379
405
450
488
509
511
535
610
610
612
652
659
767
769
810
831
869
899
900
998
1060
1150
1172
1199
1209
1231
1263
1309
1405
1507
1508
1542
1578
1650
1658
1670
1677
1711
1765
1808
1828
1845
1865
1872
1875
1893
1894
1898
1908
1908
1910
1932
1954
1969
1972
2033
2128
2188
2190
2231
2235
2238
2282
2327
2332
2389
2413
2459
2480
2504
2540
2648
2702
2796
2807
2881
3053
3077
3120
3155
3224
3247
3291
3477
3529
3557
3581
3617
3634
3704
3708
3708
3710
3710
3711
3813
3821
3824
3861
3887
3941
4052
4127
4138
4140
4219
4245
4268
4350
4369
4392
4421
4447
4469
4512
4561
4569
4582
4606
4631
4631
4705
4708
4711
4856
4869
4964
5006
5019
5051
5074
5122
5196
5206
5215
5262
5272
5344
5363
5429
5481
5484
5494
5522
5618
5666
5673
5689
5722
5757
5869
5910
5950
5956
5960
6032
6045
6085
6092
6097
6130
6130
6156
6165
6222
6278
6300
6315
6384
6385
6387
6397
6407
6426
6473
6478
6482
6516
6518
6552
6592
6651
6678
6800
6861
6874
6899
6914
6966
7064
7070
7118
7132
7151
7188
7227
7252
7280
7300
7314
7318
7385
7514
7571
7591
7618
7799
7827
7829
7908
7914
7957
8073
8074
8080
8090
8097
8136
8178
8258
8293
8293
8318
8378
8417
8432
8443
8458
8465
8501
8515
8549
8557
8578
8607
8646
8679
8868
8918
8957
9022
9025
9036
9148
9211
9249
9250
9325
9403
9408
9431
9500
9547
9626
9654
9783
9800
9803
9860
9926
10114
10158
10220
10291
10326
10337
10364
10426
10443
10463
10499
10520
10569
10604
10651
10666
10699
10722
10745
10752
10761
10766
10817
10824
10875
10927
10933
10970
11007
11012
11090
11127
11200
11227
11295
11300
11332
11356
11374
11453
11499
11563
11648
11654
11792
11834
11841
11858
11932
11949
12000
12034
12049
12059
12060
12069
12142
12165
12188
12195
12209
12232
12242
12297
12325
12360
12376
12424
12425
12449
12481
12566
12570
12591
12654
12733
12786
12842
12853
12870
12871
12880
12900
12903
12980
13016
13106
13107
13134
13148
13153
13170
13206
13254
13272
13273
13300
13319
13362
13366
13376
13379
13388
13441
13443
13444
13490
13540
13542
13551
13562
13590
13590
13605
13629
13648
13737
13752
13783
13796
13871
13935
13948
13973
14018
14042
14195
14210
14215
14287
14291
14308
14314
14317
14351
14358
14360
14373
14383
14398
14451
14537
14606
14612
14649
14653
14708
14766
14789
14822
14847
14972
14978
15008
15046
15138
15151
15154
15184
15197
15221
15231
15385
15393
15452
15454
15469
15490
15558
15586
15652
15656
15704
15721
15739
15814
15818
15826
15853
15867
15869
15903
15919
15931
16005
16192
16247
16280
16308
16310
16353
16353
16445
16452
16470
16480
16523
16586
16596
16639
16704
16721
16734
16762
16884
16932
16949
16957
16962
16966
16973
16991
17001
17139
17155
17236
17246
17303
17306
17309
17313
17329
17332
17353
17358
17368
17385
17403
17421
17460
17498
17524
17543
17579
17584
17596
17596
17642
17669
17694
17700
17703
17769
17805
17816
17864
17999
18015
18052
18076
18088
18116
18126
18170
18188
18188
18189
18189
18243
18268
18368
18388
18402
18436
18450
18575
18664
18670
18782
18793
18806
18834
18923
18954
18965
18973
19012
19062
19076
19084
19092
19117
19132
19136
19143
19196
19235
19243
19259
19323
19349
19357
19408
19417
19423
19439
19482
19498
19511
19542
19596
19659
19666
19696
19726
19728
19762
19778
19827
19848
19875
19886
19996
20024
20104
20222
20263
20298
20302
20384
20396
20442
20446
20497
20523
20564
20565
20594
20606
20623
20623
20697
20705
20789
20848
20853
20891
20902
20917
20921
20923
20941
20970
21036
21105
21127
21151
21156
21201
21217
21229
21236
21247
21258
21388
21392
21412
21521
21525
21525
21538
21625
21632
21667
21697
21707
21762
21789
21789
21829
21831
21834
21894
21903
21910
21922
21922
21974
22037
22038
22056
22082
22110
22213
22223
22234
22264
22271
22282
22293
22317
22340
22368
22403
22466
22501
22531
22554
22600
22625
22663
22672
22709
22793
22819
22825
22843
22847
22857
22935
22972
22975
22996
23050
23050
23056
23073
23091
23096
23106
23151
23154
23181
23184
23322
23324
23341
23379
23420
23446
23454
23475
23515
23520
23584
23584
23598
23629
23680
23699
23788
23853
23853
23868
23868
23910
23912
23934
23999
24061
24062
24101
24177
24235
24273
24348
24355
24391
24393
24394
24420
24507
24530
24602
24636
24642
24658
24773
24792
24808
24852
24868
24906
24912
24924
25003
25021
25075
25118
25123
25217
25279
25281
25287
25312
25394
25441
25519
25525
25636
25647
25698
25794
25807
25811
25896
25916
25916
25945
26068
26077
26087
26116
26139
26162
26236
26254
26297
26301
26307
26333
26383
26400
26423
26475
26476
26487
26502
26543
26603
26609
26632
26641
26676
26702
26735
26766
26780
26824
26838
26977
27087
27145
27170
27171
27198
27199
27238
27242
27317
27320
27351
27385
27401
27408
27415
27423
27473
27596
27599
27622
27635
27643
27643
27668
27685
27698
27700
27727
27762
27798
27807
27874
28004
28082
28092
28097
28128
28156
28170
28261
28316
28317
28394
28417
28522
28529
28531
28535
28556
28560
28590
28604
28677
28704
28706
28712
28736
28784
28790
28818
28861
28870
28905
28991
29008
29033
29039
29071
29111
29129
29130
29158
29160
29188
29236
29254
29292
29306
29313
29364
29392
29399
29408
29441
29461
29517
29521
29534
29540
29555
29565
29569
29579
29624
29672
29716
29730
29853
29859
29911
29928
29932
29949
29958
29986
30004
30029
30066
30077
30194
30201
30215
30225
30235
30281
30376
30476
30490
30539
30572
30575
30579
30579
30629
30669
30672
30680
30700
30706
30720
30787
30908
30940
30987
31008
31040
31083
31094
31102
31116
31122
31130
31150
31163
31230
31244
31246
31289
31332
31341
31351
31373
31427
31473
31498
31539
31546
31557
31582
31585
31595
31611
31634
31672
31673
31673
31704
31713
31739
31854
31866
31900
31946
32021
32108
32114
32119
32124
32137
32252
32274
32369
32450
32484
32494
32528
32535
32645
32648
32668
32676
32711
