100
7411
21586
32546
15328
32330
31884
25332
14115
25492
26040
408
23810
15317
4500
10590
2011
26633
19717
25647
2118
27504
28435
19067
31808
30249
2356
626
8585
32258
27853
16247
10058
22927
10742
21969
17147
4473
27518
13988
3204
23577
21550
26656
26018
30533
16722
19961
28813
21610
5750
22039
23000
19163
30318
23950
31128
17513
3481
25040
4040
6196
20838
21026
8172
1985
22806
5452
12277
4684
13252
6037
28261
4703
24483
29934
947
22947
18056
4974
4849
16119
25512
16894
11692
21183
30370
12118
16148
11646
26560
19752
12892
3240
16761
29594
22628
12721
25403
22778
20630
