10000
7421
21063
20602
21982
30506
10896
1901
5333
9490
7596
32732
23942
16198
21371
11631
21257
8783
9456
31139
7156
28982
9341
31343
20084
8522
2764
31784
25244
29469
23472
25250
7932
31952
22363
9624
13174
10640
3025
27725
30285
21089
6813
3188
30591
21530
1730
28749
24149
18097
7924
10258
17720
14777
22536
10897
1990
6697
11178
2330
14117
9567
20302
6811
10391
3429
22377
25098
21071
12914
6880
13315
27268
5556
27328
24499
31939
26956
29233
24308
27017
24987
21157
20921
1041
11196
20565
18605
17003
11601
8942
8983
13262
29059
16007
1025
12591
26436
10455
8857
31762
21719
11941
31191
16289
9363
3455
7008
10235
28388
26031
10667
974
26002
2155
15714
9256
1094
30284
14859
28298
10826
8706
21991
21823
400
19269
22810
10731
22262
1550
22541
32359
18376
16904
27921
1996
26758
26177
13637
14286
18664
21798
5305
76
31008
27822
1491
29988
29791
22229
30706
16460
5274
15948
338
7199
29582
15215
26672
18420
23810
3447
18222
10997
13900
29681
20728
6447
32534
15471
30504
28389
20322
22653
30823
30250
30412
4054
6613
19119
8463
8920
4012
12249
9163
28982
22816
3350
22918
30957
5001
1138
11760
16761
2243
22373
16235
1864
31957
3567
14794
15215
32466
5095
20057
11164
16637
16529
27934
26187
15408
31854
9055
12093
8831
31064
17253
6182
25880
12494
14719
4519
20845
7308
12873
2171
2454
23902
30253
25333
23536
17463
7723
29354
15883
29053
1494
11883
28355
32424
7839
18550
940
26123
2134
29932
26036
7409
4846
29830
259
5100
3457
14212
11302
4458
1683
11495
2669
6793
24987
4576
28049
24109
26048
21896
31386
22095
10720
25809
5632
5016
470
29373
23313
26414
20733
4302
8850
24270
26096
11197
23721
18203
17300
16495
16891
10293
31577
23844
8209
28814
31932
17138
17664
16889
32273
15218
20041
5380
25215
30393
24318
9864
16716
1417
294
25470
29274
17353
13923
18196
17394
18227
31698
24321
15809
9805
17715
27157
5408
11162
13130
17684
13977
18705
2436
6596
2214
24526
9950
1093
19387
12296
1539
8865
15239
1347
2228
17060
21880
29382
4717
8686
26749
13392
13894
29766
21007
1799
31767
9265
3186
3761
223
451
29240
6950
30311
21430
23304
25093
17954
32441
30109
167
23384
14090
785
23121
22659
28743
22364
9902
15354
32642
17176
17532
14284
9107
19079
9349
16623
26546
19926
24785
6554
5189
1699
21530
23279
8694
32446
17792
16861
25353
25644
31870
17221
22252
24178
20765
11099
23568
18704
3175
19536
13304
30539
11551
46
3472
25903
25775
515
2495
31189
24674
25153
28223
16098
13011
6757
31405
12624
29094
983
5084
3953
23413
13841
14703
18480
6669
4100
31143
28571
29915
28855
22393
23710
1953
25394
22244
21521
20845
16794
9089
25846
12236
5021
1372
23035
6715
11281
6146
25671
12766
18903
30683
25458
31093
16390
22970
28373
18827
26949
16563
1029
21744
27257
17965
32410
20842
2209
10295
15669
6312
5629
4640
6081
21879
14966
21313
2808
4409
6970
30750
15657
13714
9639
31150
16441
22116
362
30454
13545
22526
28136
11485
13142
17808
3805
8251
7366
27618
27714
11827
15009
3142
10613
30403
20158
15308
14228
21913
30944
17076
1833
23848
5505
4137
32013
2044
31182
5676
11910
5194
12530
8654
10419
15820
7831
930
18218
18891
10922
7282
24031
6526
23135
8753
14920
13970
31350
12593
16318
3594
16060
32150
8999
19785
31444
14603
2514
5485
22583
179
4002
30943
11642
26466
30831
30504
23248
28686
4265
27399
20431
3200
318
7872
7799
29775
6846
31414
16240
26639
23486
572
27539
13510
13946
4777
11948
2975
22974
6314
6014
483
262
12253
10504
19748
4068
24731
28935
4028
31906
28693
26556
18806
20008
30370
31983
16522
12577
12375
30260
30415
26714
15321
621
32556
7274
15215
9872
18255
20120
3163
26539
10658
29433
2155
22053
23419
30169
1483
24134
2964
12380
2333
505
17594
4197
24011
24529
26825
30647
2204
11083
22487
5723
18566
31315
6064
17473
6596
3081
3971
7722
28456
27844
11226
27076
5553
6999
32463
1303
30304
5012
12413
25889
10824
25103
21430
26557
5349
9509
29428
31946
30894
7996
27025
27272
14829
15947
23866
12613
17359
15518
27553
21050
17335
16083
24690
32176
11992
4905
1929
27751
17923
30202
28514
26679
3005
32645
12240
18424
24725
7921
2290
25248
14773
18063
28259
15787
9654
11616
21170
31424
5049
18903
18194
18577
4275
27103
17234
23299
28424
3104
10767
11919
3164
24190
23848
6887
10661
1507
30322
30941
2437
4927
30893
24449
18648
18893
3255
15498
9609
6807
7936
19448
10153
31036
28990
13047
24770
28145
29794
16901
13672
2246
32458
8791
25874
6699
12984
29305
17448
21682
10499
5686
23645
15382
13324
15799
26431
1405
20212
26607
22284
19706
3340
25654
25032
17494
7565
5939
17036
16144
14218
1792
9505
16290
546
29321
28622
27142
19706
30773
24429
32633
11499
4041
10692
18303
20727
23433
6675
2599
9090
5280
23530
32656
3006
5825
26685
22700
25448
20239
18618
17732
29874
4666
9562
6972
5248
7659
20535
793
11478
18787
17309
19904
19345
10591
18019
22400
2390
11070
10876
7251
23753
27493
22985
24929
11775
19171
9521
6086
15925
2129
2548
23701
14274
24572
24892
14877
31306
30535
11766
3691
30517
5962
31967
15120
12895
31423
2786
548
15121
13087
9633
13450
12593
26888
31314
5494
10933
31714
18124
5933
3421
17602
8417
21772
12450
142
18415
28364
23530
9571
13490
10500
29949
10035
23388
30447
29372
28595
21480
20848
26641
3444
23723
32595
15138
24143
27436
13014
23754
14599
16181
8296
5193
23082
11306
29360
13114
6200
3226
16337
17862
8967
5140
25581
4888
21094
29500
25832
528
18433
541
17262
13884
26757
25793
23863
30980
28676
24063
17545
17188
9626
17557
12543
31328
29265
20087
28042
14194
24386
9830
26549
10312
16125
32707
17453
25196
1579
7334
7296
14788
6002
31275
18981
28539
1689
5900
25277
19775
5869
2165
18840
173
30947
20755
31355
19209
2814
11887
29088
22835
8691
20602
21759
22486
7180
12136
17100
6115
17354
29634
26945
22334
17870
9399
19357
439
15865
4276
22637
32315
8147
9268
13578
23627
32297
8920
25187
30126
30203
30394
7932
22627
16533
2559
10807
3290
12539
24235
19667
3172
8330
22713
19122
31719
3805
28268
8671
32470
30958
13024
15055
13920
11133
28388
28135
16616
5302
15372
575
19894
22798
22017
2470
6380
12142
5660
15846
25531
18579
19763
17225
15574
17845
28595
29787
11559
614
18415
6898
7362
13758
8888
14956
1047
11957
10798
20280
15723
12240
25301
10136
2697
11776
32492
14756
8884
30407
31738
6803
23777
412
16041
31542
18979
28817
8407
19909
21607
1075
9707
30942
13665
1713
18789
15307
22982
29249
7098
10244
1212
22208
8542
21492
18319
17048
10274
11008
8613
13031
1728
32454
23732
20190
31412
15778
31026
29287
6222
29303
16141
19466
262
29100
18077
4625
21519
22388
3543
4842
3375
15187
28099
9422
17869
15582
1072
14496
3148
19906
26022
5144
17815
23815
11164
30496
19709
18326
13035
12414
17984
12793
7811
26036
21992
12131
29276
4644
13277
23024
23216
376
19509
16429
29544
18753
25163
19419
9172
1502
27153
1520
25246
24224
2983
23519
30209
5420
1324
18969
1078
9248
24276
4052
2095
12537
9530
20491
32392
21812
7672
17350
24251
691
10870
24987
13459
1891
19711
7797
28131
29724
1050
11156
12407
27336
28695
21973
19531
6088
30440
27188
7675
23187
23090
17295
30075
24992
29604
26029
21768
15751
2952
18814
7262
12131
32151
16036
29740
13946
8210
1587
3525
8480
8462
2741
2840
9432
19984
22898
8930
16829
31193
16622
21794
29984
29827
14514
17358
32627
18893
30287
964
16741
14772
21409
31235
29775
8003
27217
6427
16847
14763
2205
4834
32434
2966
25436
21097
3352
17593
10556
21038
10706
27048
23375
8851
10511
11759
3782
13455
26168
13406
31740
15524
27416
10660
32438
16913
4672
27936
27561
11848
10410
15347
24380
28834
21148
4698
27024
2642
14287
14139
15293
5784
15057
9725
14943
9015
16296
19101
6482
27944
17848
17406
25785
21904
22759
8321
6981
8944
7678
18646
15796
25243
32338
3346
30615
32366
13989
2049
17753
23227
19783
19645
15229
4230
13184
4735
21287
6132
5683
21174
24542
30464
8635
3414
4752
18544
15641
10099
11734
12039
81
6158
20346
2301
27153
22319
29495
30636
6292
17204
4799
3980
2502
28776
1795
17505
9897
5847
3758
26035
7671
4705
7666
16255
21001
10510
23432
13100
24055
2977
28402
23744
30209
17520
1028
6228
10029
2162
10146
31686
14898
7834
25035
6317
15765
20835
12503
6802
31506
7853
18940
5469
23613
6599
17175
6157
617
13261
2473
22444
5577
24116
19232
1666
4053
15267
12889
11146
1263
21252
7778
3618
12615
30940
13956
2566
19708
25303
32641
24447
27524
6568
22042
21464
27213
15631
29396
13842
12964
20027
23292
7129
21207
29779
25321
27318
12950
28496
9601
389
26271
11533
5375
5674
26523
13473
2291
7040
12354
23532
28041
17298
1734
31600
30735
29198
30063
5218
1202
13046
13954
7425
392
2457
5992
26407
2772
11202
5900
21790
7301
32047
17285
20660
31999
24388
6901
14482
17694
10497
29617
14281
10616
23346
12194
15278
26851
25829
16107
31720
1080
3105
13771
18631
9046
20181
31173
5080
19305
20495
18943
26294
19052
9582
9961
15394
31724
6362
23838
28502
19215
12914
14223
13719
5590
7878
7390
22026
21919
17735
7176
5064
12526
8956
11335
32308
23148
15734
9271
7053
24880
16901
11319
8639
22078
9516
12306
12671
27469
22099
5087
18326
28366
23484
12325
22653
18729
27320
22851
18987
24394
20507
30223
16427
32348
15597
27070
28145
13524
19298
21764
25454
15538
20492
29307
2018
23299
19280
4681
14066
22699
3863
30974
13306
30817
27845
9659
26532
3579
32623
17305
7098
6892
26185
19016
10552
5131
861
4599
19622
13462
4739
24180
5284
630
11405
9621
7879
26564
2754
5334
5795
1421
7822
6723
11049
9170
20855
29849
28212
25299
339
3752
21086
4494
3256
10747
15128
19842
949
7355
21242
20408
20671
9937
7255
2820
28142
8779
28693
32649
31338
4865
24251
26491
17440
22904
10188
8489
6585
3334
15188
31290
30924
16695
31168
16438
27730
14960
9714
14921
12123
21970
15765
28740
26624
10337
11182
25317
3737
6502
2420
6488
21808
31762
24930
10237
9013
27747
10378
5228
31090
29516
25132
15031
21058
13840
8583
6127
20990
13551
24047
7657
23481
23812
19744
29761
24109
29038
14290
19104
27892
4014
31886
8251
31228
21328
13503
9372
17205
23758
12300
5541
18572
16305
14821
16082
24093
7161
23900
32190
11940
26303
6967
28649
16949
9753
17987
11704
23854
9278
31211
14013
19305
24042
24328
29497
27574
12292
13051
28383
3976
2175
17658
12507
750
7806
23975
21779
20677
30139
17639
19117
5933
12585
23025
23505
57
30936
29093
25264
13035
30489
28448
20421
20575
12516
19085
25946
20806
15734
31293
19535
22422
8510
29179
26135
18560
20474
11417
3
17059
6686
29647
19395
17535
2421
23110
16682
5932
28938
7151
19761
20811
13385
22681
29247
1598
2402
23747
15783
30100
15086
27822
13938
20167
11477
17847
10592
23850
10351
18916
30249
12317
13289
2493
16904
4995
30955
8285
13178
27766
32375
5576
6980
20025
14869
15231
11955
23405
15405
14162
14119
18312
31668
12406
23251
3204
1290
21207
25278
10452
4131
7343
8717
31132
16870
10840
25221
1313
7378
29791
31308
18815
25831
13273
28399
25498
31428
24826
18857
8790
29197
32739
227
23051
26383
12220
6903
3123
22439
12291
28217
14182
863
20515
8760
25481
5851
32073
22081
15938
9844
25203
4389
23470
15394
20170
24124
28503
31903
22065
15274
4448
10185
24606
15841
25603
30793
6312
3176
11582
9842
30690
7130
14536
4715
21352
18737
5706
22929
11831
14916
1996
23319
15042
10127
13421
28655
17218
29491
29528
23022
27725
12605
17139
11819
1450
1323
16474
16040
23908
30893
13067
18228
18717
12200
227
24975
22949
7552
7753
1232
27851
8087
20137
5124
4467
8465
18724
16408
29161
11227
5509
16633
14453
2795
13687
10745
8752
25033
28150
23925
13333
23886
17668
25524
18011
25003
1949
10515
23043
22958
27628
26463
27821
2881
9151
16003
16047
5428
29497
16483
16232
31292
8134
29703
5074
23867
19284
5116
27479
21185
4033
3063
5862
27603
28303
31164
5701
24044
26847
13630
4009
27714
21405
9224
25988
30282
15352
23515
24222
20350
28693
22681
5223
17502
4
18785
7052
28853
19187
14588
6856
19229
27809
5496
17405
2501
7958
23314
25475
17522
25746
26202
31167
30660
3523
12689
4856
19899
28730
342
20839
20345
24864
17538
23949
25674
18469
11088
12490
16865
24250
14785
28202
12773
28544
22846
15746
20652
10752
11647
23740
10566
24220
12461
23407
21181
14021
23235
13491
29339
15727
22586
15155
18605
19394
5093
2947
10247
11795
6170
30900
328
5394
2834
10022
25119
10053
19090
18846
3598
18101
27339
13464
5230
24295
7296
15327
1972
20237
15974
3674
14834
17534
7632
1065
8865
6500
10891
4849
20893
2996
8711
23667
4977
24676
30136
2916
10965
18136
28860
29304
17269
4253
24766
8641
500
4441
17946
26167
21809
15106
20290
26520
27849
19023
9056
22642
30941
5996
16445
27773
5909
24306
28513
2351
4324
5910
5756
25739
20238
9505
26372
1594
9832
1824
12576
24284
25055
17884
24005
27040
11708
17164
21534
3090
18471
14282
20018
10293
6889
30532
24769
5330
8822
18868
14958
28687
17962
29586
24100
67
1491
15623
23730
5897
8304
3494
20920
10900
6200
28759
10183
6466
14302
5011
26564
19315
32020
6615
6029
10139
3150
20050
27615
3222
4552
4577
20856
17980
13258
5182
4472
12342
31275
11637
5389
31504
20244
27543
3151
18318
32006
10417
31849
3140
19998
15615
30970
31073
12440
8542
3259
20172
1171
5632
5473
22642
30483
8547
5829
1246
3660
31620
18754
18954
19230
14672
26462
19572
988
19547
32429
31861
23633
10964
18419
7630
32517
13241
19081
28036
31676
9031
20226
23023
28480
11189
25869
269
22624
1569
157
26908
15929
4043
29256
10087
2996
18305
16109
26976
17488
16218
6810
5103
30242
22183
2733
27914
3354
20519
29497
902
27527
6266
5035
18732
27613
20696
13997
4880
12214
29187
6474
29726
24600
7034
19795
9718
17142
25328
6914
29690
18937
14332
9694
23716
32384
12306
22750
23838
28389
20146
24017
6924
258
7647
9213
24748
19955
10963
14855
7970
27422
15089
32531
27405
17521
19707
28459
10078
27627
14981
3813
21098
606
3498
14912
10558
7539
24317
23248
5426
20206
20418
18715
6081
12595
29791
23874
10391
7433
17165
29412
14828
27807
23251
25663
22289
28621
14005
16536
4424
30107
8489
16861
11993
3847
31690
17802
20578
28419
12112
19657
111
3006
22464
18397
24906
25892
224
12480
27925
5288
1774
14603
31765
2625
28561
3863
1361
6834
20240
32354
19804
17167
3522
28468
30575
17789
8646
2434
11450
825
4339
32530
19964
14300
20242
16608
25426
31197
19531
9153
15948
9303
18398
14406
582
3596
15124
23011
1782
12715
28788
14672
18753
11086
6969
26160
24147
12103
772
7153
7406
24092
6095
22003
28930
6608
546
28396
3455
16484
905
20363
28775
28574
15173
28763
27943
13833
9026
13035
12583
21821
22857
22060
30368
31072
2167
2586
22958
2541
1774
26270
934
30644
31690
18867
8361
11299
8535
24777
21369
32195
30593
24934
7052
19973
31371
13587
24927
13375
12804
7286
7437
23026
11255
3516
19232
27726
14435
21050
9127
18168
30954
10067
18313
15370
6349
26268
22552
7516
16664
31038
11497
27394
7450
6812
7140
19221
792
11830
1943
11959
5443
11469
10191
18513
28390
27849
16490
14111
12772
18903
14951
3055
2146
28630
21311
2853
28353
19700
22136
20483
22991
28436
5495
13607
3390
20596
4502
9813
13909
22412
3190
16247
7909
3641
29335
23778
3199
21530
21541
219
8164
4154
24597
12890
18621
9712
5489
14606
8588
12548
7920
23200
18403
19731
3274
32060
1236
27701
24778
21326
22952
220
8357
29833
17619
32512
25226
2094
21288
30841
2042
25739
20810
22700
6874
18370
12643
873
199
3531
31000
23316
30889
1980
19388
29187
5771
22600
25795
27432
12714
31110
5754
19952
30923
20468
8438
20842
8402
28348
30026
25260
24977
28982
14590
27251
13534
3501
7612
5641
3048
17766
24907
10092
28363
21982
2498
4268
14945
20308
12789
24213
28763
29831
31284
13966
19857
18369
28981
27585
6807
26900
2382
28540
27281
10724
28135
8407
15432
31142
19760
16280
12669
4070
27151
1619
20605
30607
2653
12246
1013
24423
5457
27588
19720
21465
30268
1663
23455
17911
6007
18507
256
959
2458
20401
12451
1437
10991
27426
832
13618
25383
13789
28717
4436
18251
31763
12519
21334
14837
10824
751
31113
23487
19452
15319
23298
24572
23947
25500
10398
6566
30034
18742
32580
21656
2067
17774
28522
20221
19610
8176
7643
26377
673
19105
25015
20711
8434
26418
955
26866
11979
19190
706
30247
19590
29936
396
28890
12153
10801
16831
8617
5404
11361
20523
11439
29033
16027
18002
23802
23689
27774
17704
17470
940
18304
3351
714
8505
3718
22342
19388
16423
29618
21531
31089
20138
29820
29439
17984
17427
30725
22369
32104
24049
10151
7933
14406
14461
13777
23902
31692
17973
1810
28833
18990
27334
29043
4989
31966
15663
1546
20608
31419
13604
6348
15003
7814
18352
31395
3809
24981
14111
6593
9100
7883
6683
31795
18497
455
24085
18617
31637
30300
18663
20949
6607
11329
15799
22306
26863
778
18718
28903
9712
29271
14473
23020
30539
16972
16608
2956
26812
10305
30822
24588
21576
7098
10209
12075
23679
30617
14074
6394
23551
15250
14310
29422
28217
480
22086
2868
30072
32054
11596
13892
16927
4857
18720
23225
16177
26028
22402
28512
18455
25516
19376
8079
2974
11805
31114
2488
8256
27684
27636
19517
11684
24150
31356
21638
20328
18033
25149
9298
5405
30538
26114
330
17299
8455
14767
17116
15191
11662
15581
12870
10363
16702
18629
12529
24469
13276
5471
6401
3082
5584
31179
3114
5005
5521
3055
9413
21218
22878
25442
15651
6120
8495
904
16673
31958
17643
12543
15868
2245
25307
13882
9319
14703
21087
23404
28891
23094
11999
5544
11823
19560
3845
12614
1640
9409
15401
31624
21970
16945
32269
12158
29776
16864
20171
10790
10480
29808
2827
10712
31682
14466
29305
7393
23019
24187
3191
17263
16373
31112
17678
10413
24169
16863
22059
14126
27808
27720
20744
27791
7638
6876
23528
28760
27776
19213
30727
4644
12255
25831
25553
29442
12246
20374
27986
24090
11001
12071
18670
5268
742
12179
16466
4277
728
249
19882
1099
29817
26923
30484
5708
30456
3692
32341
9146
19548
24440
14540
1993
4376
15557
9124
12100
4575
18185
2125
31533
13241
30460
17708
13988
8791
25183
3729
9225
14499
21053
15338
25957
22428
3697
30007
17414
8033
616
21694
7018
16011
7976
20736
27487
19392
7825
747
21863
23942
3043
7249
2401
21588
13697
8857
25958
2799
27637
16821
19698
24820
12851
19284
31556
21424
17186
13912
21767
6456
4184
12938
32049
29110
7717
9356
12588
8962
24788
7696
12340
21106
32557
9800
12800
12530
7743
26269
12452
11607
6748
4004
2486
8432
20836
2638
15023
10846
25159
18783
15509
10918
1477
20257
17111
6277
25720
15193
24953
7684
3605
30074
24176
13387
30191
18201
12880
12730
6332
31393
31780
32310
12188
21064
27805
25025
5207
27457
27760
8526
15078
24883
505
24019
25654
17899
14884
27039
28200
16718
6285
2030
25820
28049
21222
19131
14639
17324
23450
725
16514
11275
32687
30261
25022
1927
7153
20623
5012
17558
11597
551
4106
21694
16507
230
24883
5712
1248
8109
11069
1618
1714
28649
22450
20157
21597
24936
1527
1257
4901
5227
25881
11333
18189
4604
23240
20811
20984
24193
7076
20659
28175
6802
6328
7911
10082
9736
26180
9144
6354
31062
32704
32335
28718
10525
3357
17766
32156
18426
3406
6072
21051
6819
2567
4277
12806
21042
14533
30075
23804
16576
11534
11778
29566
15414
32762
24214
31224
9056
4338
13707
16323
14659
17336
16684
11594
19121
24487
25076
15724
21018
29757
11521
9762
3493
26326
21189
29794
15231
3514
24063
8003
28787
31834
24297
22113
15548
25815
22195
3971
4887
12996
30513
6011
9756
17197
2769
10830
12237
24024
6351
22165
22384
21450
6572
12323
10650
26381
20444
5608
22157
24497
6335
3861
10947
29201
18898
897
30155
23128
28199
21324
21332
20803
30738
4546
2696
15912
15142
26498
30619
18999
16991
24543
13219
14592
22177
9606
28330
10805
18785
29281
12289
10417
22434
14012
28888
10938
14628
15271
17676
26499
12248
17563
1600
9717
11158
29792
13615
26799
22034
31021
1344
6988
6925
17426
18012
9444
200
20371
8444
981
25790
14742
22662
22211
28818
13439
2009
30429
23367
5017
3110
1890
19119
30392
4611
7780
26918
22812
30906
27341
896
1945
32743
31647
17215
16885
29506
3200
22793
2962
18617
31605
11098
28492
25794
19438
23927
15013
30959
23299
17059
29728
12482
10493
4500
4330
8388
23576
27688
11711
11217
24711
3925
20236
21174
18873
16222
27729
8702
22747
17485
19146
12808
19614
2717
27470
27997
24122
15415
3959
4417
4019
26016
6659
7304
12122
31600
20090
8363
13464
21510
13329
10523
23015
27002
8143
11477
6177
30675
10734
15927
26365
19322
4740
27922
26326
21487
22883
3840
22447
20155
3389
25080
373
7846
5644
15647
29059
9001
32432
17377
12652
9254
474
20289
23284
9687
24106
365
11615
14597
13716
14230
2031
7034
31752
19966
28072
15544
14674
27219
30294
31467
8767
16443
20689
11293
19713
1072
14976
18345
1236
142
4124
17394
226
234
23478
31828
612
1958
1020
13147
7691
450
184
1331
13470
27893
14489
24160
24292
9213
27702
19119
20676
17715
21072
12397
30635
26466
18775
19414
22574
4313
16944
32464
28401
9407
18486
18650
6343
15015
19071
31551
17946
5220
2656
32143
32142
9759
21299
13903
29153
25767
24407
27632
12054
19975
3705
12798
8914
24670
20754
13978
1030
29419
27953
1066
24014
9576
123
2895
16793
22937
25456
2328
25739
27428
20976
7541
11295
6563
31997
9710
28177
22776
27074
12436
26491
31712
16852
6968
12094
27852
30905
13020
10147
26860
27303
26471
13122
29068
22669
26525
12579
26531
25944
14669
1060
1449
30831
8652
10650
11178
10623
29347
9019
12697
6526
3717
14396
13286
23786
14980
20918
3666
23378
3972
30286
30979
18456
8175
10517
31699
6261
9642
12205
11246
6845
19528
942
26524
4837
27518
29511
1115
66
17879
13609
9009
28819
8105
29600
8000
1090
16968
4867
19099
2023
16249
14159
27992
18190
2346
19727
15079
31802
12640
6527
12706
554
26224
5616
6308
10842
32626
6766
4063
23757
11507
7073
26217
25866
8682
32753
11031
4197
18669
20461
11085
383
22949
17902
21524
23824
25216
247
10605
13284
6821
24288
18406
20004
4141
16820
9322
15319
1680
17495
32349
20136
6493
8812
14313
24810
30511
22389
2194
3545
18652
14652
15889
16163
6383
4467
32607
13223
20313
31383
17936
25468
5475
1050
482
25909
13799
25024
6806
14435
19904
10826
17406
6492
24703
26962
22616
16955
9567
2166
11482
15656
8316
21432
5262
11226
23615
7461
1376
10329
22301
17333
4982
8969
31105
8563
14015
25060
10246
9437
3791
1287
17898
6542
6378
13424
15296
25626
3166
23302
22116
13626
20758
4825
4660
30761
17517
9900
9853
77
16448
19633
25908
14874
6215
32403
17127
25396
421
4793
6898
3539
6333
31434
1014
29548
31048
19308
18567
23182
7332
29010
22565
5130
29295
14197
17518
21334
26453
673
7825
26163
20006
26164
18694
3982
24364
30243
4477
2468
16827
31293
10004
29546
21513
26292
16588
11564
9536
15833
2110
26740
21970
16167
7306
28461
21005
1923
16785
26120
6895
1730
3940
3615
4411
28268
13819
18905
30412
32191
10539
26893
6698
20215
18642
106
24667
2509
22869
20502
8444
7998
24652
32149
2192
29325
14715
9453
29975
5003
30725
1287
227
28182
26588
19289
12199
4832
17276
17090
29137
32114
29145
27061
29209
31600
24725
13210
24922
6430
20087
31089
13473
14115
6681
23993
2436
11661
26848
10128
9398
8214
14897
22811
16088
26533
15074
1320
5009
13592
27887
10258
26336
20801
30575
2021
29873
7726
12998
24515
32431
15790
17691
23175
27738
272
25357
8359
12633
1582
2209
32095
28177
9643
15999
24332
32374
5752
16223
14038
27425
27293
4542
31633
28836
18742
27093
21477
4378
2491
26571
11181
25602
5253
1578
14494
6221
11406
19600
12841
23733
1657
6823
16546
8785
20690
8022
26529
28006
4502
20537
28585
10369
31990
30031
4871
11714
10584
7411
29181
31355
17567
3086
4640
16634
11948
32394
27903
19618
7460
19466
20997
27713
11380
17624
8097
22173
531
23326
6051
15696
25607
27738
21226
470
27051
16140
6204
16613
10671
2225
6773
10236
2400
4085
25060
18751
4394
16165
25842
24962
27227
15075
5124
17572
27177
20765
23715
25630
19959
21568
26587
9179
3284
13992
6112
29003
25157
31324
2296
20659
30276
18680
6548
21703
18056
18410
15808
13434
13575
31969
8638
29461
24506
22147
24558
20102
9632
11615
19954
26619
32005
20770
9486
23216
32516
30221
2517
13573
19531
5798
14082
2004
12062
7598
20388
1
7839
27732
7294
15955
1868
4264
14509
24962
31945
16466
29067
30353
14560
27524
24020
17245
3014
31789
28679
8055
8607
5488
2063
20271
16709
26452
18467
5361
26693
27325
12523
27861
26667
6555
18660
9841
26880
30561
21253
20722
29968
32185
22691
11627
29169
16757
2706
7020
10944
25545
15757
13271
20398
9144
1495
1519
3771
9165
13859
10930
10690
14347
17842
8809
11702
20518
25019
12413
12075
20980
11791
10636
12312
30750
30973
26556
4827
2331
26227
22863
15997
31327
22119
23928
22584
21455
2677
25453
13878
26489
20170
32702
28572
12674
10816
27621
11719
29791
22986
9246
8917
25928
6931
6009
18792
31978
2658
7725
20902
16477
6081
10799
24453
5717
22366
26115
32325
31900
12593
13779
27966
12736
13279
20158
10715
9993
3807
22642
23271
20141
30683
19709
263
6727
32601
2784
4232
15750
6298
19813
22619
2338
22722
32563
23134
29205
12602
6944
30942
6407
10579
3910
7513
26122
23340
22105
15496
3207
14293
15160
23452
2936
22196
31425
31433
32216
21544
14314
2305
20312
877
30221
17666
10580
30656
3460
12178
11269
10435
20086
29449
18424
13858
17904
25617
19391
3703
22840
32682
31206
32107
11102
2673
15145
25886
275
13601
16611
9930
5822
27226
11210
32419
7373
10657
2778
22273
20041
5033
18063
22208
21934
3024
19543
12007
29689
4845
3655
27529
7682
16201
11021
19433
1036
30187
21030
26081
14235
18713
14417
6277
25478
8219
12355
4611
19020
3138
15260
27854
32427
28457
10266
10235
2671
22075
3340
32491
30601
12149
15626
25642
28512
15213
32740
9111
25708
24724
10456
28613
31232
17336
23816
24226
7783
18893
7723
6486
2867
26348
28034
17262
8146
24220
6925
23866
19042
22865
5376
9587
29382
29490
19313
15905
7162
10271
31827
6332
12195
16627
31655
28050
10219
9734
19441
17000
2955
15095
6889
17508
28713
10152
30324
31019
30437
12937
19922
2886
30511
4122
4889
13770
19419
19371
4322
4920
30327
11622
18498
21410
3292
16784
27388
7695
9475
25868
17908
8481
13082
31521
12263
5877
3543
12413
20570
16459
3341
28537
21200
6887
30333
27038
23104
22327
11502
23144
18630
20789
21888
26443
12185
4239
26429
16628
31549
5125
22769
27089
12282
27667
24891
17875
19084
26833
31973
22387
6428
24343
12145
19955
8303
18660
12788
18662
24926
17665
1064
29938
4742
14817
5052
26069
8768
8140
28142
20902
5332
13885
12124
4445
4841
10376
9751
2710
15424
26047
23034
26258
4770
12247
28474
14975
4375
9735
5949
1273
17241
20081
944
9424
29064
25348
4052
11532
13343
26017
5144
14894
1063
16252
6125
11449
7083
28614
21974
27889
14955
3465
17854
7139
8916
8403
8591
21925
25392
5910
6144
26847
16155
22223
8623
10122
19766
13926
11375
13560
7455
23125
4323
29973
31136
16013
1612
236
6950
28437
2207
17517
24181
13301
25819
10605
21403
13394
24473
29678
14626
21722
10724
13217
14218
21859
6220
28329
28919
29134
20534
27042
14630
2610
24438
12514
2469
5687
29216
18174
1604
26559
6810
7312
9671
204
24566
13624
21213
158
1663
7649
6486
27675
18066
6214
13200
21876
26032
8116
3122
9990
26064
11025
2077
5502
16122
20509
11424
32065
22289
11256
30187
12043
11249
13541
29127
28629
25530
22861
29316
12285
14186
4103
28210
15777
27570
15830
24084
30283
19458
5171
12881
15316
23527
19789
11757
12418
12950
26959
16120
32372
13513
20705
9989
11840
8393
241
2014
20698
8396
9139
10358
184
22402
15078
1567
32307
6891
16218
1533
27441
20843
22959
23227
27137
9504
6239
29308
9094
371
18175
277
30872
3821
19137
31353
25255
8525
10302
4468
18337
19415
5746
3741
17686
4078
17160
4998
13979
23013
11224
7733
31596
16403
12719
24792
16213
14373
18510
16820
19154
14008
26549
5983
7797
27944
8865
29999
23944
6562
1619
7154
19444
7553
10131
25311
25441
19927
245
11469
17311
12873
1627
15779
580
9761
4539
1040
7575
3998
3362
11132
5805
8590
32249
2622
30418
23327
21896
16399
17451
14835
10936
6334
10649
21106
16669
1830
21983
16996
307
19550
22024
12735
17896
7983
28419
21949
9051
26571
14993
10802
2788
25531
2913
21789
28756
17946
23672
26749
21630
10241
20439
30310
22774
23874
88
11091
16664
345
10970
25278
1100
20639
29341
27118
21897
8641
17647
25873
17432
4977
8201
2698
22939
16987
16692
10380
22861
7003
32304
10472
1163
7661
19925
1827
2196
8933
17403
27852
31117
31584
1176
26636
32456
31738
29224
28799
5189
18497
6994
11842
1401
29290
11208
14158
1359
17219
25711
14084
1901
15977
24256
13320
16056
14011
8046
26707
25882
1806
15432
24452
12419
17187
6498
20343
6445
29910
367
24345
21797
14743
7538
20347
11527
21534
3990
15141
3592
1627
13657
24492
32058
18348
21744
9607
20492
11091
14823
23070
19984
2855
1289
20516
8194
19081
13183
23079
12293
17818
8508
21349
24367
16556
2712
10978
13384
27638
20794
9399
26575
20363
2108
17837
28990
13197
2954
7434
31120
22685
9867
24747
22271
5271
3588
3923
30226
10108
12601
3395
21463
23728
9813
28427
28013
19558
13835
26271
18630
20824
19070
1709
31403
1723
17758
20526
19969
25202
340
15932
28746
16258
673
17443
18287
27846
6914
29114
21692
5092
1238
12788
18732
3199
14722
22450
12007
28590
1813
27867
19465
32685
10536
30639
8869
14291
26889
10840
12810
6340
2328
12482
23876
1256
32624
4269
6886
16668
17354
20481
20999
28071
13471
21857
2187
2927
22413
14082
18084
24941
30972
27582
21399
22110
28417
4708
12228
4795
899
17235
28641
32492
18844
8263
23942
29113
25153
5746
238
8961
29734
1743
30716
13998
23260
18611
15996
29672
20796
15013
19372
31881
6921
21871
10490
6353
29137
30069
26128
27484
14612
20038
3598
8528
15785
15473
534
29403
1116
27034
23822
2013
27612
30412
17569
5345
9685
8465
19335
17490
19289
5184
18695
16364
4228
24599
18874
28272
23392
17289
32145
14748
16902
16985
18201
28762
13318
14568
20478
6456
21257
25164
18127
18712
16053
1185
10752
21032
22481
14244
17461
24341
16042
31102
15806
20092
4277
1501
26461
25250
10613
9033
8784
6500
27295
23222
2443
16497
20349
19797
16454
6582
20368
7344
2487
9242
21625
6390
3617
23660
18202
10643
28941
2713
30712
9220
7383
28451
26339
1258
26477
25806
11738
16221
29780
19101
4905
5762
30700
18940
1748
13664
16372
19775
3896
30959
9552
14923
26864
8306
19210
17811
24054
22535
20120
28999
6154
20861
19805
3271
29272
24421
25458
18526
3669
18028
1957
12589
12266
14568
26818
10597
9428
12464
12306
12474
15179
6961
19746
4372
3041
3006
11973
17287
6830
26664
3420
8581
5034
17295
10837
13906
9818
23415
10482
17593
17583
27422
25676
21758
18731
18702
26263
24339
18501
750
26023
25870
4367
27549
26803
4571
8470
20354
31578
12334
3977
17181
4579
3516
13214
16354
713
7851
2610
840
14711
30023
7856
25629
1616
25078
31539
4636
12274
20334
25583
29633
10684
12069
25037
5724
5006
2569
24661
25701
26319
2418
25297
5647
29877
3157
5295
4127
6592
7354
14632
9471
19080
22896
15903
27662
23993
10239
30284
9019
14172
17118
16025
20178
14680
30694
4812
2965
7480
11015
21863
18191
6958
28986
20172
21029
600
22454
10149
494
9795
11111
25219
21189
17838
21660
6341
16796
20112
6912
32444
20371
9052
26059
29453
25545
17795
19513
7510
32625
2362
2620
24596
30761
13951
11629
8644
11400
15190
3657
12616
26358
21337
27034
18829
25281
18543
11827
30827
10093
12508
21216
27852
11851
20090
18589
28689
1613
29509
23814
3761
27160
3869
8463
13347
31835
19144
10229
15871
7775
21559
12917
19040
5344
16394
6715
17804
28444
9302
4509
31447
25641
20645
2953
11460
6795
18238
24508
30830
3590
23463
32565
2086
1969
6761
19690
22878
23628
24083
28345
6598
25811
13697
10913
24500
25939
32606
9266
16841
22013
24296
3650
4562
17017
28147
9442
16108
13181
20529
913
8940
22173
2992
11183
16125
22629
19108
20276
11147
9381
27239
13217
16224
268
31678
16695
12813
13816
6238
4711
15756
14733
12719
6027
803
4357
15567
8915
14219
23622
24538
28802
23122
16314
1129
32602
31870
8283
29528
19796
23155
26125
24013
19605
19735
14385
30581
9374
22067
26743
1553
5059
19485
32755
2610
1246
26772
8820
25920
11588
16107
15377
8385
18168
23914
11524
15064
15135
7665
26556
7180
20660
27102
13613
6731
13181
30001
4971
11567
26430
13550
25207
14208
31532
5315
21336
2553
4516
12267
19822
847
4125
4434
15876
29039
2908
16122
1572
6151
17383
5277
31407
73
18107
12692
10925
30188
1601
32247
24545
21875
32639
2822
3488
4017
16267
21191
8676
1677
23878
6897
27805
9987
15174
32521
4423
25707
9748
26059
14017
30974
8856
26059
26973
3990
209
23900
25396
15029
1738
16817
11964
23753
18377
26946
22428
26030
31689
21873
7614
2421
27434
16238
24230
21604
17064
27736
10499
16445
25482
3237
11908
11972
1051
10947
2029
28027
13406
27903
32618
9904
6910
11943
21795
25529
32388
13419
12816
1151
28364
9
15631
20537
8890
1834
1588
890
24105
20870
15456
32622
29732
16975
24853
32352
14681
4301
28296
29056
31434
13382
9208
27620
19654
18208
27711
16076
17944
9545
4775
11050
31614
18903
14846
19554
20317
12268
18925
8270
27058
15069
18053
20613
27724
27027
17947
8413
14137
22833
31062
10030
20862
23286
31110
12377
18955
8550
20791
30345
9453
18596
29447
3257
10438
15907
4788
9079
8314
19325
5241
2791
25900
18595
1691
5642
17513
14647
22847
17216
5794
22838
18558
19980
6624
23770
11451
3608
25779
26559
9524
18297
1387
32580
20696
20531
8587
31796
2393
12032
10619
16294
21633
5965
29821
12065
32713
26246
22754
15364
6696
1683
5246
31269
16425
22947
6489
2489
28224
4904
4775
22644
19806
8738
13819
32241
11715
4257
13495
14163
9236
31877
25031
17965
31917
3465
24463
13983
31032
3200
27169
20674
3198
32734
4532
14662
2174
29049
31058
1370
29372
16785
28112
17868
29404
11022
26883
19826
3951
23818
21809
14024
11533
19855
9414
27866
932
10658
4680
15205
32271
1664
7309
10809
14315
14375
4908
10209
3494
28952
18225
18310
29400
3932
13333
5649
727
15045
13549
19088
32646
14454
6625
21979
12909
6053
12768
5495
25615
7072
7314
11706
23927
1806
30862
20272
10261
11384
16846
27454
32712
26632
29791
7173
11068
26256
18269
17289
11894
24013
5151
9747
2989
6638
15791
980
1628
1104
11389
30154
7317
1932
12884
4584
10904
29875
27276
6769
27812
19928
27266
15525
21261
6607
22085
8863
23695
9525
11666
23678
27362
21680
25859
25795
17806
27768
8067
17402
16129
28951
7173
6045
12255
1389
11126
53
15513
27126
17135
15042
6465
336
32304
26973
16285
32247
9802
20252
19322
7508
4251
822
28994
5110
27135
24423
17105
3871
16965
11670
13957
28546
27616
22710
9364
8523
991
9450
11939
13664
13856
13036
17812
8166
4544
21167
16799
16392
469
26947
16548
5363
15968
28154
16063
17445
18813
17097
7454
21736
19677
27632
2831
17689
27510
27357
1373
23342
23417
16462
24541
22904
23685
22967
3396
30372
24090
28131
6459
16264
27216
3293
2230
17949
10441
26385
5249
16839
3556
4015
29211
1245
2611
15952
7880
27493
20016
21468
24802
10015
30251
9899
29552
3270
12935
23018
4090
18066
16422
17473
19099
4097
17698
10674
29783
24279
26046
19653
30639
7523
9628
6882
25459
23045
26928
30718
6104
4077
11124
28026
18890
27941
15325
16455
20611
14802
6286
12879
29021
17591
14541
29456
7652
30970
23475
906
22576
299
12071
4444
12658
7042
25357
3370
5836
872
31930
65
24678
5177
32427
25982
22206
2377
14455
2412
8767
32549
21251
13740
22806
6683
27893
11162
8001
30204
23403
12845
3304
17184
25324
15135
20209
13483
31903
25422
13775
9231
31674
21091
9882
3538
10046
15793
8805
19346
7138
4704
22476
12102
2636
2762
29388
25542
9607
13093
7896
13966
21938
8547
28456
11966
757
25686
8533
5478
3258
28184
28195
21249
16665
32170
23709
17983
26771
19419
19304
30728
14852
32619
9297
20669
19155
11377
28200
12993
20332
25338
12497
7736
16368
4339
24472
16910
13610
15177
15813
7739
4550
21070
29040
6982
19389
9567
14487
15112
27156
14788
29806
18099
2758
2263
32502
7699
1279
26984
32465
3091
31626
10337
11605
17538
29581
5286
17119
28439
17268
575
32106
25523
28203
2233
30048
31719
16016
201
13487
7606
14120
1331
17440
25500
10768
31466
8933
1487
3383
25721
23664
26820
24267
1185
12428
29941
11761
5188
422
7138
7097
3970
32107
11861
26705
24097
13209
26603
24697
23346
3854
21456
16182
32753
25894
28362
22475
13806
3907
10873
7141
5226
17069
13789
21014
3332
6813
12056
4228
19349
2196
8821
20451
19800
7921
31402
10912
29518
27075
18010
7263
5088
18908
30430
21928
20423
1575
31813
30685
11817
1851
25241
19824
17412
28975
21604
21074
27344
4016
9843
8367
19040
18514
20698
5592
14858
1828
31033
17281
15623
22919
29245
300
7708
11072
21609
12773
28282
22987
5142
4656
27620
4594
14520
8768
4623
11167
6500
105
23374
30703
17039
18392
29807
13703
26905
18306
26591
7979
3722
9562
1045
18573
15003
16839
302
15714
28152
28501
10709
5819
12868
21163
2918
31379
27485
32445
29011
14756
19938
8514
12230
32640
7923
21353
392
18652
8504
25287
32033
5167
21285
9876
25921
124
25212
13592
22622
20075
30995
3424
9119
30623
18135
2357
15609
20548
27921
11087
10392
26343
12008
7621
19840
5771
2855
29896
32116
32505
9025
2449
13334
22359
5011
408
20817
20220
8424
22023
21236
28803
24386
28526
20895
15134
13784
10680
17635
26157
25691
21598
21157
784
28029
730
11715
28985
2740
16735
18427
22661
3387
455
23304
7628
20571
21709
3341
1463
8424
17276
13367
31185
15886
23783
32158
9185
22350
19483
31597
21368
11203
2642
24131
25030
11946
361
24025
1969
21793
12948
5348
23081
28975
13649
21565
24757
15877
8858
12607
31314
387
16479
21360
1150
26366
307
17764
30864
30529
11334
19679
29514
20945
16787
3642
23217
2934
28250
32520
5660
22006
9681
27641
3212
21796
12823
5630
23867
17689
20841
10925
1656
21954
13208
7144
28337
24475
27578
6841
978
21945
10784
14721
25806
6414
21129
31058
18810
4329
17045
18073
7330
11452
23677
10496
31831
13090
10752
10898
5254
544
11169
14880
1999
9387
10255
3300
23187
24939
4069
17253
5199
9919
18835
21914
2857
30721
31132
2642
3529
16395
6915
32212
24426
11514
31743
31682
14897
31026
29430
12355
19389
17826
24489
29792
24575
26953
19629
14767
11852
23032
17690
22831
31920
4698
12935
18804
3462
6451
22325
4
2885
3557
14474
512
26269
24120
3521
26631
23235
2394
1761
22871
3081
5157
32747
16949
29873
4769
29784
18832
5123
27338
18114
18913
5021
13459
12514
20821
22283
23338
28602
27950
10647
25470
19
17510
32354
31743
32554
17814
30388
14756
935
27671
8849
9779
718
24679
12173
957
5625
30670
31201
26983
13382
22337
13245
7537
13453
15750
5856
20592
11157
14489
21607
7646
31367
19023
14050
30165
8610
16441
10925
21528
11057
17099
8318
26707
17082
24509
32314
5028
19577
5042
4621
24409
4364
5912
15289
20732
20848
29263
16430
16269
22316
7437
31580
3598
21708
11521
25669
28485
10897
22454
5974
5821
25447
19387
23287
31502
32279
9473
21089
3422
22206
132
21167
2600
17534
29485
3640
18236
16243
26615
2589
8967
8937
10578
4638
30997
24524
6597
7858
16340
13151
24534
24918
13211
13873
2350
27429
13034
22350
26873
8617
12276
6066
13708
30193
23386
6659
10570
4579
27706
23167
10952
28628
10600
9011
16431
4182
6139
4205
20962
16977
29452
14709
97
12630
20666
20856
4462
11823
6257
21701
14446
26043
11885
5692
15889
31225
30841
16642
19253
12642
8189
8826
23304
12412
13623
20593
6253
29100
6089
32665
10914
28491
18548
7737
13599
13309
2083
1826
3777
17726
26667
24805
29735
7230
12241
32067
14685
8431
15117
19685
16055
23388
13965
15182
11520
20284
23805
1805
15572
13767
6534
27191
3403
2504
13204
10004
19928
6644
26589
19737
16240
5498
4767
18966
20718
18139
20264
7089
23222
28924
12444
13587
15768
634
30707
27873
26872
4925
27457
1902
3116
24656
12858
12591
30502
14831
23541
32111
28243
6114
29168
15683
30146
18442
15445
17089
22409
27450
7035
25709
26981
13384
6832
21748
21920
7523
8246
8989
27448
1958
24203
30204
14653
30958
27373
22889
31099
27625
7454
11952
3673
26224
7269
5514
6145
18967
15829
24908
25793
4866
6097
28255
16561
30970
28368
27632
26775
9919
24414
28136
9223
31648
26980
23327
19151
2890
16552
3020
14738
20446
1687
11329
31154
16966
20803
14293
8307
19656
9128
8225
10590
19419
15155
29807
20452
4410
22149
7535
11332
7480
22900
300
6063
595
29266
9023
7081
9995
9330
5442
28850
23029
23529
19336
20518
27659
28306
10763
7522
17734
11861
23974
10792
10095
28840
21893
6725
4914
12117
28889
10864
884
9854
13520
24182
29414
5087
7876
23188
24538
31572
26291
27684
16982
5275
17903
1405
10343
18010
5654
12564
27832
21092
23621
16359
15203
5944
5257
14107
22791
2763
20886
16611
24603
21127
1212
9381
26754
7315
534
2648
19807
7765
5381
3377
1322
23605
14556
24958
16388
7844
18909
4562
16455
14429
16997
5986
8546
491
22627
20911
228
11884
3854
8549
15830
23956
4312
10883
16974
3829
26013
445
2881
23165
22817
18719
25241
4672
9657
32754
32647
12663
14152
2531
283
15561
6765
12642
30482
30666
27643
10569
27887
5058
23722
20926
11085
15279
7436
17498
9075
8589
17858
27531
14633
28884
4079
10550
24266
19011
29165
20641
14235
11484
29759
30609
13403
28720
21191
25263
24091
13276
15929
4400
17232
26708
20944
11189
15143
21727
4416
23152
29464
16099
747
18057
31422
5731
14935
19136
16870
19398
26336
5971
15590
13018
15018
19746
9008
5912
15834
21521
31782
25898
25094
28846
28208
3498
27113
23828
1036
1325
31068
26895
23654
1408
24962
25984
30633
29745
32066
24323
6164
4689
12794
27600
26640
22905
26737
4319
23233
10763
4622
592
31451
11962
3656
17161
7095
6477
1118
26529
8358
7327
1352
125
20101
18411
2541
28472
23441
10054
8598
11080
12669
19821
25763
14815
5570
10945
32637
23824
11319
21904
27083
15923
2017
10134
7657
6026
15884
21700
25749
8485
12186
24384
2284
17666
31900
3244
2198
24185
22047
16555
5181
2263
8776
24737
29763
16714
9892
9403
9652
24573
11449
31280
17273
11395
21729
23238
4047
4473
2904
15767
12792
13159
21395
1301
31792
28392
24019
3660
19939
523
6907
17767
26141
25848
17054
25462
14914
5591
32605
14702
9471
23533
13680
11377
384
17928
6018
18256
1764
26654
32194
1359
30702
7217
13111
14888
31485
19061
11603
15186
11838
31925
25036
11906
19488
16627
11943
8563
29704
8015
2198
20195
27463
10026
25475
13534
27209
22410
2413
24638
18958
26304
21363
4467
9694
11593
31022
7808
17721
14323
27204
13894
25102
17728
26170
26885
7981
12815
18058
6688
17149
6521
12022
16160
2674
11258
6171
4092
10298
465
26697
3224
17463
27817
3730
31627
3890
3192
21537
17957
16078
11176
22478
21937
1466
9845
26607
22007
23595
24982
11888
261
11402
5151
25382
22575
14441
26790
30816
28245
18876
14756
30143
10084
1094
27935
30024
4383
27473
13190
30392
14624
28578
11741
32023
9241
6572
16153
10896
19040
9220
3278
20096
15787
6677
29447
6605
23576
20245
28533
28025
13424
16696
18381
30583
32684
15651
28523
4541
21432
21923
28731
6042
29560
927
23257
9546
24585
587
503
30152
3913
15263
1280
21219
27545
22792
28154
19348
225
19549
26289
9359
31445
25876
18706
14104
22647
17846
3797
12824
30941
19856
25695
29040
25909
19116
25318
24461
31750
2047
13782
5436
25017
3044
12147
11200
23127
6857
4288
29987
28820
21032
2208
3785
3597
28602
11836
587
26830
6375
31396
26754
27159
13952
1465
17121
29280
14512
2634
32520
7834
22320
30077
22679
29368
8635
1393
3392
3438
29890
15137
5921
18744
9824
9100
24912
28319
32656
15379
10935
23480
21918
30242
2850
17645
22491
7698
20118
29439
26005
10574
6885
8780
70
12213
4991
26446
11788
5184
28555
15461
24665
8421
13878
7382
13036
6587
5451
20755
5888
2910
1541
20541
16067
22677
13345
23271
23817
19250
23350
13085
3394
11322
3657
5540
30633
10054
7580
22660
1471
32041
3784
21188
15096
18899
23307
29045
1460
24950
26595
7666
7280
2279
28124
22885
15166
3398
16806
12685
21874
32481
13162
29375
3999
4950
30814
15147
5570
29432
21144
21345
8636
30068
27424
28692
17926
4533
4680
16669
20640
1284
23104
29122
23114
30068
16357
32313
22007
4989
21978
616
13439
32487
9690
26095
28820
29417
15436
2408
5879
32147
4632
22765
7915
18025
18618
26587
9963
10321
27797
31190
27032
8879
12681
7438
32501
26062
24007
14784
15830
32386
22244
15103
20886
25867
1325
13492
22537
29501
315
10980
7089
1502
16327
24113
15925
19792
12223
16804
26382
4463
32408
32169
19076
27837
30439
9307
7385
17085
11563
31490
17860
30108
28397
31962
26657
7958
10252
31511
4582
20632
12882
32293
10329
7842
17226
19508
25728
31600
27734
14580
29657
9433
24828
8861
4428
10615
30593
16435
10846
18696
6073
9480
25767
13332
3101
7554
6022
28369
26910
18718
3603
23363
32441
5557
9557
11943
2124
32767
6838
22034
3752
15701
7859
3670
12391
12987
32728
13093
17536
23837
492
2425
2840
3801
13673
2354
24731
9854
25391
27137
9996
8915
24696
30598
22937
14364
24335
28853
32371
19096
3517
30334
27356
29262
7428
19885
3458
27658
31760
30735
13067
7074
25067
26838
30961
893
30448
22590
25232
21846
12930
31345
17533
62
16638
7592
31258
24544
1517
29588
6503
28937
3711
2556
6427
12136
2101
13991
7412
146
4061
31356
23627
20552
27843
8168
22251
16893
3110
6272
19491
7059
20713
24040
10266
19814
2955
23027
23395
15243
11865
6667
20689
11354
4578
20948
30093
41
23980
28940
1893
5723
26917
20662
7527
922
10460
15223
7855
32096
31729
21824
7037
7868
28107
9773
15499
27219
16392
19629
15517
11685
20666
6884
8281
10641
12496
9037
8281
9243
32466
30884
31103
18286
22994
9475
6024
29213
159
7243
19940
23726
28987
11717
4805
14425
7311
14601
28791
11021
606
10783
8431
19636
18808
229
1958
2488
10288
26544
32168
3782
12559
7478
9191
8658
22474
13740
12246
3163
17010
30507
26163
31472
15083
21848
14372
30195
21663
20548
13958
22429
6771
14993
20354
25410
22779
10967
2657
25046
22761
7237
13729
26545
7628
652
15176
10127
31991
21752
3960
30427
8382
21728
27972
26413
19433
4929
21954
6417
29026
31142
1377
11274
29745
23115
21373
28630
9130
19329
12337
15092
18405
21076
13421
2660
21103
8300
30792
20142
1855
26929
9111
2597
12780
4659
27838
9325
15133
17096
31174
5947
12864
5879
22448
22620
8063
31124
31753
9465
12783
27053
1215
4633
7691
12069
10803
1639
16482
17055
6031
310
22668
27805
7514
21186
28770
24553
29258
10680
17263
21301
30297
6649
15009
24062
11290
155
20548
7350
23630
26929
28721
24609
6067
22605
10307
27648
2844
8003
15627
2285
22982
7471
30405
28038
29162
4409
14986
17101
3983
25111
17351
18383
24994
32468
4589
22660
1352
15568
24170
23543
19315
22281
11993
23974
31924
29336
22389
22060
3920
19583
468
26397
917
29857
3026
3634
23150
14866
21195
5030
23094
11409
16141
14303
5578
22355
9100
25681
27106
6403
17880
25504
25761
15622
8781
25860
19306
14851
16521
20210
13046
14755
11300
9465
23971
19861
26011
1258
21519
30166
24460
32571
27622
23599
23593
20141
12536
26879
16103
13101
25743
5434
9846
29688
1791
7602
25334
19715
8062
31637
7272
19354
13878
17975
15714
24135
13465
25106
30215
7157
8181
8460
27447
1621
25160
14328
26115
19329
5461
11614
5988
19168
1015
9599
17452
24905
21942
12180
27964
16491
6296
30807
18424
21868
7481
1476
6904
720
22814
24609
21248
12701
17223
19516
25651
32188
24323
31476
19331
419
26889
20986
17516
1329
23235
12761
1762
5081
14317
23860
8584
15875
23135
25935
17442
2479
12327
16338
3661
22108
8155
27081
13934
14376
1838
15342
7400
3640
1984
21547
8082
22618
5691
14427
16744
4073
32667
5713
31360
2034
22733
17691
17472
6292
3196
27527
13775
6573
31528
28647
17609
28851
24952
5394
32311
13791
30929
26795
19390
13457
1575
26278
6422
19184
19219
30215
28094
27856
3366
8941
20206
19930
10110
14800
32206
30438
23190
10247
26085
19116
20066
17805
20436
15772
31388
27652
11332
17674
26969
32506
2845
16782
2015
18796
4856
26795
31162
21640
3288
29102
8717
7095
22548
2521
22311
16859
23192
21441
29782
11221
16718
30197
15872
9291
9430
31968
19439
27816
26237
5105
28141
24420
22893
23033
16017
1925
3105
21716
22616
20838
17948
18507
24823
14519
3547
29753
24304
6085
19208
32237
3428
31739
22768
2256
8744
9129
7479
16967
14875
2309
30410
25819
24502
7792
6422
30360
24548
8186
10104
18098
24852
7719
9460
28271
28813
9716
3113
22848
31234
10773
9092
6193
23911
4481
25013
1156
5891
3888
30303
30105
11717
10019
19220
3602
23515
1190
4224
25652
9601
1490
11236
2447
21015
8277
6343
13793
31607
886
4840
6456
10117
6995
7286
6487
8200
22893
13443
32347
31928
26215
20919
21150
5015
8459
30017
31196
17285
3726
27155
17300
19727
8213
1103
31921
11657
29047
29948
17514
12380
25925
1534
10343
10912
16904
21061
19493
5358
13513
20036
8091
30575
23767
13477
26910
23609
17604
11067
9858
15324
27825
13368
2434
6199
18891
16288
4961
14737
24342
28925
5074
16869
21354
27989
3862
2684
10427
17753
20324
32705
30877
20447
9613
28498
23046
2194
7392
31827
21590
18152
9803
11783
918
24917
32452
19617
20989
4287
21735
87
27321
10289
29153
26297
18924
29907
27020
4673
3572
23066
5595
10283
28143
32316
24953
4230
31102
6887
9645
27788
1482
17970
8065
18223
27589
18388
16419
13300
31667
20115
23691
20484
18920
6656
94
22913
14547
27746
26643
20758
25659
22768
26196
22994
20937
16963
14503
19254
2759
7434
3917
10636
807
19200
19562
30843
29127
8731
15975
7129
32243
29702
22933
15040
26156
10706
13587
22756
1063
18409
20209
6691
21017
28227
23445
25694
21810
10460
9310
21384
4455
9317
14728
13308
27253
6969
31568
30484
5667
3732
15960
22007
967
8191
3916
5810
23819
7951
22982
10123
1009
8015
30319
1169
12821
10875
25704
7032
7475
25327
12776
8612
17640
10846
22566
4228
19901
8391
3705
15393
3425
4005
22717
14327
11318
5479
21754
32259
15
9503
3136
3101
1081
11902
19157
27528
4792
512
17299
22216
17106
17764
651
29107
4306
3167
29422
18379
13062
27025
31790
1227
16394
3000
31328
7040
2632
15140
5605
20186
21696
19307
15945
20803
17669
21853
19563
28207
13960
19770
4062
29173
21273
18723
19344
17373
5291
3023
26025
26234
5208
10111
20150
21050
19109
19764
25607
24123
9478
7199
20821
11104
5285
1369
13737
17829
31327
6100
3960
28591
5135
18578
13331
19624
20240
2836
22079
23625
9213
19990
24607
32056
24507
12409
9307
27029
32186
641
10875
25039
30583
26432
6804
31165
11590
10834
3111
15338
19534
7627
15430
5936
21973
5230
28408
19080
11198
19488
32735
17184
17999
23708
26136
8366
30520
32359
12131
21509
24017
15879
13956
3045
28836
28528
6377
25624
16427
30143
12172
2746
22235
13098
3867
20441
23137
13623
21335
21310
21035
28973
14778
17545
14122
9416
20316
27012
12502
12081
13847
24241
9075
30253
17641
17957
29587
11157
1947
22681
8925
1798
24992
3263
10764
18393
22592
18642
13371
4950
18422
21105
8031
804
2326
28845
26133
30724
18354
29793
22174
1216
4799
6850
15143
1373
26228
32310
22350
13976
13811
2410
24291
24977
14379
8350
18923
28609
31741
30020
10731
31537
1949
14282
25699
12014
1852
7092
30360
3000
20196
25069
9878
25850
13219
23903
17782
10751
32747
9665
26333
20322
1849
27824
12741
27846
7413
10498
11904
25288
29337
3159
13817
7474
8470
30448
26174
17777
24948
24005
16443
31050
14520
22225
21192
22984
6922
16305
5863
1657
18967
12909
24902
22746
29365
15510
3340
29711
19909
3217
17362
31959
18526
2354
1774
3520
30504
1933
24056
15255
22789
4872
20103
15907
11511
31669
316
4371
24382
7903
14338
8500
20928
7651
31123
23015
942
30529
5695
9939
23653
13811
27113
15831
7570
11006
32594
17730
16538
25926
30874
10823
17209
23462
24835
15275
10089
32064
19449
23745
10885
7186
25935
25752
30638
26059
22220
32115
22894
24284
9958
6265
11931
5073
29901
18862
9854
29922
13739
8226
2101
4037
22314
20073
2390
7111
27448
14154
30677
3099
16647
12987
15144
7282
3927
7950
28840
3020
5111
4709
10043
31117
19593
16491
32304
6355
11399
26694
11114
11783
29827
24263
11457
2738
3763
2276
10405
31634
5292
23145
16900
23790
25198
11498
25454
18726
23201
764
17784
5518
16414
2981
13406
4476
18609
31248
22764
15264
19741
1413
2206
24980
14945
9625
24838
23988
10298
24226
12910
26416
14569
12910
32191
10336
9782
2357
2465
3927
8117
9931
21220
3258
24136
26
23583
13523
4325
1232
8342
30433
1690
12629
11873
24242
14798
32000
11211
5236
8393
30858
19449
3785
26487
12483
30412
11033
30312
10627
10247
8236
27420
1252
18869
32504
25982
10926
3525
13751
20142
1043
2808
18749
32003
8093
8445
14473
22865
20836
26586
16026
26983
9092
11917
26244
25564
10958
19699
9666
12556
5054
19690
28878
32093
31661
11954
32239
16583
27208
19610
10834
24467
32577
8664
13661
18530
10309
30904
17984
13170
29485
17401
28621
26397
20600
10099
9865
9634
23033
29694
23811
10280
29133
6800
14948
19200
19856
23205
8008
20267
16848
12260
27852
21788
25026
17151
16872
29886
18228
25051
8960
5817
5827
17137
16309
29426
5198
6132
19201
22608
23467
13235
6531
8646
4504
18242
31255
31886
8436
31316
31914
25522
22575
25324
6989
29905
31487
8245
31111
544
7252
7341
11760
1455
21647
15241
18939
23022
10222
30038
5140
23407
12619
10204
10219
22509
25863
7495
28943
28302
65
3721
13246
17765
30795
9466
6140
14395
32350
16193
27362
25743
27532
32120
2617
14043
10487
22667
11847
23833
26689
18657
1513
17030
16451
16447
22754
30886
514
31465
9331
12680
23006
27658
26156
12107
4365
18773
2305
19681
840
31213
10400
1043
7364
27778
7938
5317
29796
6333
4160
12668
22061
12255
26793
21789
20986
16549
273
9720
8817
21102
23915
2564
53
15263
14747
20588
13661
14151
22661
5195
1318
32255
18794
15540
15332
26133
6004
15862
31551
20201
6031
30
5787
23446
18555
3773
5080
16597
31007
30187
9276
10783
10529
28811
10669
31250
22451
19409
7204
27158
13488
9218
25438
19776
26599
24187
30933
31351
25271
1269
26094
8661
28636
26119
29300
4431
30088
7916
5957
11417
7605
29319
2379
7236
22714
4516
28846
30762
28189
14465
8264
28939
4009
17805
24922
15736
8896
11631
10109
19952
13298
28746
16603
3146
18638
29760
22174
10834
1015
26933
20905
17335
20347
6613
30598
22309
353
19928
21408
23214
11905
8580
16563
28526
8089
30324
9856
30831
7324
24985
16325
6346
589
14974
31852
23823
22029
12240
21507
5095
19441
1309
7276
6648
29464
24028
14550
7433
31804
14766
13548
6759
20102
1507
8267
7303
24231
26688
15930
31724
31780
9983
23957
10059
2289
21016
27915
14062
20290
4543
8074
20310
27038
15918
13558
5924
28981
9380
15137
17466
26227
7598
23288
1053
2005
22693
1530
17309
2812
120
6127
6585
27648
7595
16598
22973
18182
22944
19231
4269
28693
1814
4634
29158
15653
5103
15536
30467
13945
18486
4177
14078
8495
30304
28717
14487
6166
210
23719
17402
9919
22692
1798
30620
6871
22949
19822
9318
32691
10143
13072
13589
30765
28892
10397
9441
27311
14824
14592
18780
13197
5785
28236
29598
20888
29773
755
11423
16624
22899
13114
4324
30745
15949
17129
3934
15185
25331
2887
3983
14881
18076
9541
17134
11059
9241
1018
9613
23139
6050
4943
29177
23832
20949
12028
3169
24789
31740
1459
10491
18443
12687
15514
12708
2354
13050
26367
11975
1047
13727
9800
14207
16760
29983
1576
11520
20686
27093
26905
17715
14442
18596
6406
10400
11203
12275
20551
10129
31759
9717
20179
19060
30480
19502
20401
16770
10289
27699
29360
30622
12241
16817
28248
19584
9439
9648
7712
14866
13479
32537
16610
26906
29931
7286
31627
31002
7222
23290
29719
32628
5229
16065
6333
466
7079
24664
26470
28613
26430
21376
18788
24493
32039
27439
22369
4824
14206
32472
6549
1262
9829
5356
6205
2700
17423
5793
20552
17199
12056
28914
24659
25172
24344
18151
471
5085
1911
6422
8865
32695
7299
1642
12931
12474
11967
2595
31050
25296
4222
23326
2287
31834
31153
20567
8210
14031
7678
28332
4259
15014
26898
996
32483
12919
21815
29423
3211
6493
4137
5487
17482
18590
25125
22136
22901
2190
2884
27284
4091
10416
2823
18699
24727
25375
1587
19041
11593
3884
16095
4127
6662
26441
21195
6615
23983
26150
13299
11106
8000
32537
3940
26732
13130
13763
5711
18739
19875
22769
23900
19595
31579
25792
17984
2854
30963
20485
10130
4114
14538
18667
9946
6787
11736
9438
30956
11475
11934
1960
31860
3271
1117
1498
25297
6420
31367
18030
23335
6177
627
26538
29615
25615
16212
11080
9554
6135
3692
11731
15735
8818
24445
11604
6681
24927
29057
9006
27676
10976
18330
13639
29665
26534
27212
17000
27672
8815
18666
3559
5845
12492
20302
20099
8422
22824
973
9359
20325
6662
16747
15187
11145
30346
25162
6575
8385
27707
28265
26113
16644
30215
8843
8521
9058
16520
25460
7563
4320
29573
29019
13173
29570
13500
28573
31554
15273
18398
5295
3294
12191
28636
5718
2891
22897
30049
9754
32579
1789
30367
4600
17695
4171
25679
23895
4599
22561
20467
26173
21515
15057
28511
27331
29281
24406
31095
710
12208
7839
16442
25056
13437
29995
11264
30102
1156
13014
31743
13267
25433
23795
28692
11670
27727
30362
16321
14823
24985
9027
626
19727
30383
22420
27908
20488
6644
3192
2183
3123
405
10353
17987
32585
32692
4911
5370
11156
25030
10081
23405
14431
24377
30411
31777
30379
23386
5273
18019
7715
32375
23027
30858
22098
27200
22737
14204
24596
3443
28945
8052
29514
23225
15303
20994
9426
26315
16596
9555
26807
12760
10938
22706
1188
8235
27822
29263
1695
26121
3823
10815
5107
27352
5463
1733
9326
26503
13359
3536
32205
17449
18248
12228
885
30947
16199
20349
11876
30217
31041
2962
16742
22404
13448
11478
3468
26487
6852
24101
23258
13346
3653
4445
18752
15622
12951
13738
15820
31561
25431
8967
12317
18781
3398
24321
27675
28125
7580
7870
7141
19895
31647
10815
11787
2448
16499
1250
27646
2660
8500
32555
21700
16749
16194
5571
4080
8007
21212
16833
3282
1617
25585
7721
8683
15446
1330
1714
16547
8045
17772
5069
4415
8733
19221
6114
2829
21189
20005
477
23777
29243
25639
18665
14789
23988
21135
17787
24045
20452
23374
7059
24553
15718
14244
6719
8734
20573
13621
13408
30839
18268
10592
30384
22104
15235
11980
7940
6356
4587
24899
14543
16671
7237
3012
25320
13126
11453
31955
8845
19741
8485
29972
26535
27001
10575
25624
9807
9120
19642
26487
10642
28414
29553
16415
881
22298
30257
12779
15916
31688
31178
376
12993
7583
6599
1076
10415
20141
9809
30391
8959
7018
31057
3415
32389
16363
9941
29430
17764
15704
3253
10783
23504
25504
1398
1106
27160
9067
17006
9115
10211
15441
4393
14953
27833
6985
4108
32158
10694
32100
5688
31971
12507
10939
21170
21822
27830
23973
26304
29158
28291
10798
32662
20310
29859
31173
13105
29856
20139
28469
9348
5892
17072
18135
13010
7105
22466
1797
14427
27691
10678
5329
7226
20478
10793
247
15246
16882
29377
8465
28120
29327
3254
18698
10404
27971
20881
14549
1644
5042
18740
4703
13497
25421
10523
27586
3467
14630
22753
20923
24571
2050
8198
20062
11295
13488
24815
18440
22062
3226
1326
19606
5348
2714
32516
7380
7976
24079
1060
3128
23789
26671
26042
2257
8022
9119
10668
24442
9245
10817
18720
4179
26677
19789
14398
18290
3502
29603
6967
19925
22746
12895
19590
1691
2222
21422
6262
19572
3690
16353
20964
17239
26749
31936
9286
29299
9378
14113
18156
14951
19792
2745
30086
31669
18001
31793
20967
372
23728
22908
4872
1094
3545
29801
9552
22922
18940
27508
8210
8915
13746
29922
13400
4504
12003
24589
30943
4909
6375
16636
