1000
7414
32334
17642
6623
9877
3043
28444
11188
9235
19892
260
23854
4688
21047
14
19349
20683
5374
27477
25643
6151
11148
1313
6055
12084
13415
21934
25060
9483
15470
19248
31195
4090
3693
6931
15823
6529
8431
18567
12231
22748
5715
29756
5697
16610
802
22890
5413
9517
28320
7189
21240
6779
16801
19599
32338
13908
6046
17470
18322
29165
9736
16287
8912
13389
11740
22923
26131
18350
11128
19386
6084
15910
14509
6277
355
2438
21781
496
23161
19075
2215
29159
8142
6931
5256
14280
27355
22554
9764
16162
23938
11846
16510
9149
30205
28215
20420
18138
24341
27620
6951
18875
4244
27962
2282
4454
21500
27654
26808
14247
377
12052
14394
3412
2325
32408
5609
4564
7211
30670
22049
994
2846
17374
28279
28559
11082
13826
11085
23942
22843
5354
25508
1940
27421
4960
7985
13928
10100
15400
25266
11415
5134
21802
5762
17123
12597
32211
15211
6588
29993
3256
25020
1031
7117
28796
5788
3871
7840
6132
15262
19481
26863
9610
31894
15949
7241
29151
22442
4881
31028
8629
27564
1736
16414
21259
167
6940
7830
9609
32439
647
31932
8735
18206
25880
16118
17898
9109
25204
20453
13399
16352
29979
1688
21642
24997
6892
15615
24065
21118
26348
10914
6260
12365
24643
22418
21248
6096
21127
15264
22149
23925
29501
24014
22349
18543
157
2051
10734
1033
15766
25347
16241
15162
28434
3741
11443
4730
15995
2599
16652
29653
9598
295
28719
24894
18191
20563
4945
16677
22957
22204
17806
22860
1767
26438
24456
27606
25631
28251
22097
10913
26766
8160
395
29909
1160
16744
3277
4797
15873
25768
6217
25558
30289
9772
19628
13094
15668
17480
26182
9679
21781
8784
31595
30692
19596
3083
537
31611
20773
19814
22746
3588
8035
29286
22252
30681
13316
17248
10144
27158
8839
20844
29952
3754
13548
10007
9652
24238
14523
29016
12839
13046
7495
13510
21733
17126
18228
25351
6728
1415
15671
25740
4947
10458
4637
27259
12254
4973
12303
7405
1011
9259
26900
31066
31865
9336
28887
30033
18191
8318
9131
14701
28987
6593
16076
2180
708
18426
28135
10017
5980
23586
20957
22325
15234
31181
25797
15369
4263
23225
24368
14967
31888
20647
688
10586
26619
6505
28059
26179
20613
14653
23564
8814
12747
20313
31275
31732
2512
6343
11182
14145
31903
5491
27808
11465
23345
899
12129
16119
4496
9446
23535
27750
16445
816
21603
21076
1231
9637
8895
13140
13790
28051
13286
22082
5663
3302
17388
20860
17104
19190
24464
5711
24919
2979
7943
20656
20518
19620
32252
28461
24289
3356
29908
26403
20931
21358
14134
2352
13374
17747
15307
31211
16097
1578
28994
8915
21631
20367
17560
12166
23182
30766
23702
27444
28877
23769
11931
4690
19498
24537
20635
27795
14562
29314
11368
17172
2026
23819
30768
1750
27534
14492
6215
15218
1880
20391
20007
31240
14131
22652
22710
8313
20944
15896
27079
214
27209
27454
5346
9496
21764
19402
6984
31505
29659
30785
14642
31906
3449
16300
22618
10287
13319
935
19388
23888
32521
6837
30878
29129
7298
11478
4302
4797
32095
15964
16939
17950
8466
23802
32614
8296
17534
8990
17930
655
30739
1408
1466
29749
24890
7931
3258
28193
10995
28317
7602
10477
27068
15354
4782
17406
30390
5573
12648
22714
1539
7841
5322
19956
31858
7220
20399
32683
18526
31869
11498
3829
16851
17768
12425
28214
22003
8864
15963
32149
408
1445
2479
19377
24379
3102
12895
20111
19477
8304
13069
10456
26755
2191
1197
20289
30639
22293
6979
8778
25197
29329
8174
20523
24931
10017
3110
4875
4717
30275
2626
8052
32064
6376
16189
22276
19277
26570
25017
4965
14056
7680
16964
7551
30121
10703
10459
9451
8722
32708
11180
19371
26739
9215
25376
6681
31499
24018
7961
28446
4464
18827
377
16548
30513
15501
8675
16462
28089
12198
7877
14438
25974
9116
16278
13591
21051
13321
3164
19932
7907
19561
32370
9016
1080
13170
11912
25768
18195
24740
9195
29398
8644
20512
10503
29199
23731
18621
18730
24823
23112
18521
23434
1915
6665
2669
16266
21000
30466
23780
11833
27898
9578
14126
17691
13400
13187
18320
11821
19390
4546
27326
2339
29338
26160
16811
31220
26779
12048
22944
152
30311
30914
6796
32272
28301
10983
28571
2728
15034
12486
24073
377
18735
239
32313
25905
28274
18461
2817
535
3908
15201
31560
29001
9940
21885
22996
24904
32050
910
20317
18359
8710
1263
4838
24672
32642
601
13389
7544
6549
8271
29984
27940
19810
4281
9138
30780
9456
26575
11374
15950
4899
14392
21868
13030
11243
14963
22594
16396
11451
887
19997
21007
26941
3734
8720
20609
28740
7847
32171
10371
32002
14948
25552
19523
2171
18449
28098
19394
3897
3167
24191
27355
24385
4239
80
22657
583
13274
158
27464
6174
27665
15879
1830
13682
31105
15537
4219
6841
4633
13534
4176
22375
18383
28609
28124
11617
11839
26257
24909
18613
917
22491
965
8072
24750
18204
8354
3664
13434
6799
11266
1091
3749
19268
646
21518
32118
23410
22103
31947
759
1806
28007
32557
25942
25244
5370
4862
24203
23622
28260
20684
28475
21291
30996
9183
22748
14585
32209
6254
795
29118
16196
23058
20602
26107
5047
30330
9790
31483
19484
14433
11144
25954
3153
11965
962
2569
30882
13369
2108
24841
23696
2790
17687
3862
11984
24621
15715
10511
5783
19721
14980
21970
22037
9843
10970
16981
15935
12829
21409
7155
4050
4962
23061
1283
28053
1149
26586
14255
17374
12282
28316
19204
18775
15979
20211
20037
32002
27740
26249
11909
17787
15497
18814
6772
5502
6734
11019
22650
14760
94
14694
17154
13186
30648
28902
24345
17851
727
10856
16695
5557
18729
26865
13404
1604
5827
10901
22367
12210
1107
16535
9347
6406
23382
29393
5964
5765
2699
29270
25745
29050
16039
24407
30929
15667
29514
26179
12491
32076
4146
14386
72
304
26287
25220
31548
6364
9046
18885
29965
1766
2042
19412
10803
21438
472
19781
10241
26165
28690
13827
26306
1339
11871
8506
18952
9965
14336
17524
31553
12495
30454
20994
21131
3413
4978
23197
16842
15017
22413
29261
30199
13992
31545
7306
8891
27693
27767
17313
11324
1427
26571
