10000
2152
14062
29290
12925
932
24896
1447
3951
16658
25447
10782
4743
4752
23002
5175
16670
16481
8932
17385
2785
27856
17327
9597
30594
23318
9122
12181
23725
7550
4588
8812
12350
28359
18785
19551
19121
15050
26246
30637
11737
6749
999
25979
9173
18038
28849
31259
19009
18068
13692
32397
23977
24154
23401
6982
22851
32381
10605
28721
16093
15585
19436
28148
6932
6143
6794
21620
6599
2442
28734
31387
16075
11346
18856
17241
5856
31080
7588
25576
29924
24707
9247
24405
3911
16290
32553
23356
4543
32243
31308
12755
30525
19956
21532
25897
16415
23256
17936
22448
22695
25900
16016
28154
17324
4794
335
32192
23951
30126
8667
11816
19313
3831
3187
11591
27299
20464
4376
24293
21598
24384
9446
26753
18869
9471
19877
16021
7111
25114
27548
5916
25657
22264
21925
25936
8676
15709
31623
17080
3530
6543
639
26978
15439
9912
4128
9070
24230
25228
14174
21452
14473
31787
15333
31813
7725
10825
8111
25792
3701
11404
11989
18366
15718
31797
32165
10280
8923
28675
3318
13386
24953
22356
2232
23071
6630
20622
21711
28879
32310
24253
23586
7030
14758
638
21998
18727
141
23067
30049
30257
23695
3319
14180
4768
2324
1581
17080
12807
29688
17012
3652
26749
13957
13638
16813
30950
6814
2369
1064
14452
60
16333
11660
19309
14111
29695
3500
7982
8381
17597
15843
17776
11903
10787
12528
5322
4140
14886
29956
12919
9893
8311
23578
26970
3796
19882
32391
29247
22751
8600
19410
4452
16289
5378
7621
11576
29786
9847
452
16994
21157
3703
11358
22789
4267
32472
19234
24386
16279
29033
10420
3327
12362
18902
22304
13543
4175
20171
21613
9906
21265
15964
23926
1703
15179
421
25333
15967
6337
17325
21729
27339
3630
28561
14330
27513
29565
23006
14754
30482
10299
6462
13806
22824
27213
21079
25597
15662
1246
31472
7304
10952
27548
22613
28347
5958
5668
15613
30531
12394
12218
18795
11689
17522
28478
13394
7134
27474
11099
24060
13335
21826
32514
13036
14554
25208
4631
8643
27481
26679
23146
10336
29696
18184
26856
15435
14666
13896
5907
4692
6360
26850
10415
2423
14020
28510
13758
15619
22323
31515
28847
508
30249
26328
7379
21437
4514
10361
18704
29665
23006
4104
8921
16740
15356
30715
30045
2822
31434
19125
10495
24816
18908
335
22279
10650
7899
32663
17815
32236
11552
29017
24544
4260
16257
3294
32405
9463
25707
24243
5280
22651
8242
683
5141
17476
6564
28199
8036
14669
29924
12181
23250
7194
20598
18231
29226
9116
6294
32038
9903
32597
9422
22678
31062
10429
21447
7259
17714
25571
6496
27821
24112
13143
13053
552
2052
17224
30241
3606
22883
4074
27968
13297
24435
19226
14030
15396
5504
17733
23196
25618
1264
23942
2404
28505
8569
15630
31395
24152
13713
25033
23718
28143
29478
15423
2792
17541
31888
25784
32411
28752
31172
11171
11653
6864
3530
2360
19213
5533
16497
12381
8086
9315
12353
18630
27147
10283
8369
5217
32699
4060
14490
1009
7784
12801
1260
32504
9370
29644
5024
25307
9273
24923
15085
32065
859
6971
24767
1468
8027
15659
22117
23211
9771
8738
7305
1375
6635
10643
9062
18812
12986
25071
23349
17314
4812
15468
10472
23373
188
11781
4891
3066
7204
25025
15176
18828
16492
24633
30522
1005
2527
20564
7876
3576
12548
13654
25010
27543
12331
19993
14848
19240
26438
31129
20042
11814
12794
17591
22660
1285
9206
1334
25835
16989
24452
9738
32059
10571
14941
2258
5155
23317
9410
8355
17654
26636
1736
10759
15267
26551
2036
9285
22759
23597
29959
28643
26305
25795
14363
13930
28967
999
5871
32617
5879
31820
11136
5820
26416
2376
19161
10254
7778
30330
20011
13213
22627
23215
29216
16445
2628
31238
16493
28320
22659
4947
14247
20948
7554
7362
9559
12557
13368
13245
26192
5797
23335
17423
320
20577
17294
10825
20358
17654
8415
21860
10307
17100
19571
11177
16820
11265
20861
14030
15551
9137
30013
23394
3787
8309
3958
8043
15829
2089
18209
17485
8896
14579
1891
14317
9709
9088
16573
8471
10764
23185
19075
2845
6450
15287
30863
29889
18475
5466
14646
18005
9233
28160
20347
29473
24093
20684
32131
18949
2494
17221
13129
14688
24808
18522
5523
2608
8879
5282
28965
22138
16404
22504
28212
16108
19231
16358
6173
9153
23598
6225
3415
25829
24972
11286
27558
27993
3397
19428
19602
3546
21817
7658
26136
27325
14704
6882
9119
286
17581
23630
19246
1849
31558
8193
731
11288
11314
9442
19079
31343
22628
17645
15816
25284
9303
28794
12839
12498
2027
28354
1420
28720
12399
1951
12534
1070
18687
31379
29551
30464
7440
26380
10560
17438
18761
2534
9057
8682
28309
29746
4915
3731
7030
7990
24177
9274
24476
436
28516
30804
15798
2672
21847
2640
28552
9196
18763
1401
12349
9590
27372
23069
255
21860
18883
29167
7110
24735
3756
938
2157
27486
22923
18935
2059
7988
10043
8593
19072
23117
21447
21159
8782
25589
3293
2434
10923
19033
18559
16999
5076
19858
5116
11455
2467
31711
20255
18805
26724
25394
10150
18592
13285
31727
26869
27234
1228
12528
29708
26383
24621
10444
29623
8850
11612
13401
8452
12045
15872
1647
11258
25280
7273
6383
7304
1324
5156
25348
16316
22392
10444
17577
30006
31763
28450
19308
28891
411
31840
13425
17614
5374
24523
20409
18332
7903
23176
10404
10934
20539
18864
6069
21797
25164
30375
8598
22137
3501
16809
18268
1538
31936
23205
11275
8771
15693
31823
13149
1188
30059
23921
32191
15719
24484
19585
26013
11229
21076
10617
25055
26330
22098
12771
29108
2406
4306
21299
30094
14261
1162
30554
6510
28762
28180
32664
13409
32183
16276
24978
16714
7096
32666
6820
21731
9665
3914
28024
13567
24804
7098
7640
29970
13912
16027
7872
15346
29222
4636
26296
5855
23078
15371
24160
32194
12586
13373
7501
27826
31353
18993
26899
14012
4479
11760
10915
30180
27074
55
19928
15463
2840
11736
16204
27459
7704
6750
31856
20985
7374
24048
27100
31634
31667
6776
25571
19680
24283
11268
15723
22534
12145
14444
8443
2363
9569
25141
2070
4298
6484
8885
15560
11869
13025
3960
6526
16764
18177
3811
31515
17233
31428
16407
6471
3502
32323
6680
14602
4945
29654
1583
28059
28006
22407
31116
23410
25165
31430
21040
12708
18846
26718
31498
19824
29034
17575
7008
15381
26820
32253
21873
3815
21376
24946
22617
13730
11067
26560
18740
21246
4508
20098
18310
16260
6104
20899
4315
11935
8060
6422
1962
10742
14439
11975
8575
22265
8213
4306
89
15034
17956
13300
15185
28671
31248
2622
6781
917
9794
25105
18964
27367
15433
12614
18643
18639
13927
8365
5535
29867
21071
27577
24683
30644
26925
26745
16988
29835
2279
19402
16683
11541
12962
32204
8652
6793
25225
4754
20045
19399
17609
15134
21248
32236
15328
17036
14044
8995
7192
27533
13089
19390
16462
16919
3643
9605
23544
13659
7657
1357
11879
3576
13470
11981
31561
5230
32296
20142
27761
31701
3983
23265
16603
25807
11840
19765
27882
3259
4714
27689
4085
32043
10409
5630
25346
20376
5858
16913
1233
22869
2158
11368
18205
21442
1402
24459
24862
21698
22957
4245
11090
11119
19980
394
18557
29964
14875
24043
24559
32314
12357
17800
19717
17519
18814
31126
26610
11173
21543
24577
19391
15439
27186
20740
15761
32145
12934
25334
6443
16304
20901
10343
26291
27336
19852
5227
32185
9661
26843
31030
22901
26995
14645
21737
592
21570
31978
24748
12455
20900
29651
5629
3275
27185
16254
7751
12364
20430
3723
24759
19575
31265
5974
8779
6685
26440
9687
27692
30358
21706
16582
11325
20998
1229
10754
17396
21215
25482
15923
31081
21159
8447
30638
32428
6140
4835
6298
860
29141
29407
16465
1141
6154
19707
28681
20074
29975
12887
17076
25972
15645
1051
23589
18473
30249
27312
21363
16464
21945
19761
7330
13812
6012
23836
13696
14519
12634
2638
6606
13161
2228
29486
17056
32217
3309
9512
13575
16619
23337
16733
25580
24811
20308
22936
26943
25121
9831
6532
23122
31654
5606
4125
15231
19574
31917
11621
22289
26309
4333
18520
31586
9623
12146
16673
25664
139
12327
5006
21397
20983
25563
28098
7495
17210
8005
7978
10846
21326
30534
29618
14181
11165
4719
20280
21010
14102
13251
7488
23081
12159
25278
26858
2461
5389
21654
12578
18424
17458
31424
19735
19710
7606
23222
29934
22157
29961
4856
17079
30152
14552
12624
16288
14197
2526
15963
20840
11170
13309
8773
7191
4239
15757
18132
11245
9416
244
6824
31640
25746
1142
22977
10922
13960
1103
16193
30793
19334
25343
1139
22056
13766
29670
20749
10167
31561
21520
178
407
10105
17746
25019
32081
8204
16278
20791
30023
16683
11379
22576
15595
1236
257
11825
10542
14717
10731
17668
32060
3066
32197
16832
3942
26784
10656
1796
14943
30635
19420
13437
28332
14557
12606
16302
30806
616
26690
2544
19682
26382
7859
6071
30082
18311
32120
19736
27021
4899
30385
21384
27949
31664
14851
3303
18520
8350
17199
14269
27137
30049
14058
10435
19343
26391
489
15781
10382
1387
28219
27910
24228
12985
8923
6084
2503
8051
16774
32638
12462
5315
5834
1620
5509
21105
4192
7150
32485
1032
28091
31680
3331
4404
24289
8332
28456
19823
1402
4392
3425
19164
3110
27265
31351
21619
18452
19168
16929
21343
6353
620
26489
9124
31325
11505
10157
7173
32132
6367
21751
19749
6763
8086
24015
15340
4458
21216
21599
6956
19993
9151
2615
18565
174
26218
5186
4230
24966
22418
19192
32276
21249
1769
6870
14608
21907
19173
14603
14388
536
8641
4213
19006
32360
9158
31435
14929
8236
27336
6684
5016
12784
4851
26232
18476
3705
14536
17389
16184
1624
6242
13493
3675
17343
12798
31661
25165
8340
6074
17161
23238
8900
18589
6982
23963
4826
15576
26209
9514
24784
1867
839
3577
19236
12363
19852
26522
31791
11683
17759
19666
4531
7128
29630
18170
17075
7346
24294
16548
6023
32503
8974
2946
26671
4986
852
32132
5352
21332
1784
26945
11517
15218
30408
30104
30688
336
20187
6295
5241
1283
30850
14747
8894
9341
24700
16057
11140
21517
15721
2397
14996
8229
6785
9777
24322
31840
31366
13377
1466
963
9975
18268
25180
3652
32647
18877
23114
16264
24014
8427
9727
29425
24893
6621
7330
10456
14167
24674
24026
22807
13342
1472
19941
20171
20172
23195
6116
29016
22212
8217
10873
7853
29896
21572
25236
31433
19564
7600
22666
22653
20939
6749
872
8052
10104
5598
9862
21362
6328
27323
15711
8409
1006
4885
22943
4721
18774
11400
10110
21608
4598
29526
3149
10392
722
30913
4942
28681
12384
6328
7369
28087
26171
29366
860
9877
5915
27112
11155
721
2309
28814
12729
5210
4543
8867
10733
9888
30599
29632
9848
31643
18948
29758
30813
23054
18301
29083
24114
20749
8777
30238
5423
21693
14983
27582
133
6235
8207
26177
23280
18815
28840
22689
9872
4258
26235
14771
20213
31454
10951
23562
12665
12534
16599
32026
32722
8086
7473
20377
12519
29916
15633
1323
29667
5910
21013
6973
22920
30926
22074
28465
10183
28164
7175
23996
2957
26298
12040
29069
7391
12982
6270
25904
26921
12931
23637
31793
30675
6585
16982
30596
32022
9854
16286
10532
12046
29261
5199
27387
28944
16374
29061
32002
18749
27366
15244
3753
21591
23465
15440
30585
11220
9645
23060
25336
29233
12873
9831
29645
31113
7421
22868
8740
14438
9468
3290
22868
215
22503
19612
6335
11715
23004
19928
7162
14972
28335
25501
20015
30871
10359
825
3263
22524
24397
27889
32043
30009
22096
19702
31284
25116
12781
26772
23617
23680
9053
11179
8450
26471
28014
10851
13907
31305
9863
27420
27747
15020
23526
3236
21269
29685
31277
7341
1702
16766
7965
12926
12177
7912
14497
8680
14767
21171
5390
23164
1699
26379
18601
18171
8053
9445
3178
16654
10621
17739
31231
27959
8835
19700
18708
4872
10276
17944
29138
17811
20087
19586
22693
28705
18929
8167
26435
6951
28806
12406
14058
32117
22033
22960
12264
11697
2038
16250
16993
2052
11270
369
7245
7187
1699
14461
192
14129
11300
29353
9326
24274
24955
8498
13166
20291
28692
11485
25662
21145
28929
9358
15368
1000
21333
14871
26659
21173
8653
334
20701
23213
19382
9570
18808
25495
29962
2159
370
7559
4573
335
6922
27988
20727
11188
2815
23885
6595
32371
9627
1576
8552
7203
31984
1083
23349
4583
29794
19695
18498
30856
11621
30833
27220
11207
12680
21418
24066
3057
32179
20082
24598
32179
21164
6656
16950
7216
28384
2981
4804
20817
5473
6075
31746
18524
1579
30936
7802
28361
19371
22343
27293
30545
386
1208
15786
4935
30854
8246
17873
22059
23561
13914
29081
30589
15455
12734
28287
26319
8858
12213
31455
26142
4504
3385
3864
7778
6208
16421
8684
25188
22792
20645
3109
5072
10938
1770
20350
24203
13945
8482
17600
15942
14079
9639
29996
596
15656
9590
8985
17336
7604
740
17886
387
27720
4236
31986
22365
10167
7308
15954
609
31616
15345
17443
10286
15000
27247
32153
5178
30569
21078
1815
24426
23834
20673
28056
13792
11793
2576
16717
12053
2998
8857
15239
27687
27514
28571
31704
28788
23833
13427
8309
26727
1563
16403
15839
21138
30369
32431
31171
16125
15198
21433
19742
6334
20708
20496
12708
11722
23585
6261
15971
26891
19497
4158
30628
29363
18742
7246
22034
10959
5356
4676
18718
12831
16354
10227
14497
29989
22623
30483
18883
28028
30305
26933
27421
3435
18660
8189
27674
2490
2144
11659
9123
30148
29332
12602
27131
26062
13186
11405
27111
2967
24507
9318
3347
304
25564
25209
1969
13838
3417
27393
18275
12894
4217
31409
18779
9368
12194
8430
7104
27991
26583
19003
3668
7528
18047
20213
22101
6689
19560
23104
10657
23540
523
15681
5405
31556
8466
654
4694
32630
30487
21986
8297
9292
26031
5142
25633
2414
9127
5964
4960
74
9101
4974
12224
27678
17266
5847
21625
26707
10735
847
7046
10509
29798
4925
24067
18944
6794
16152
21466
32645
11042
5919
22174
24045
17930
25930
19383
11029
30586
11136
31168
28218
22666
21002
19757
12815
6390
6728
20529
11533
22047
10658
23007
17419
25427
16578
14479
6926
26446
29440
23427
10338
29441
29214
16330
32234
30098
16950
9317
15540
12707
27120
18857
26320
6103
29432
16356
867
10898
20144
2371
18679
20225
29474
4851
16917
12123
17464
18823
8214
4710
7471
19610
12342
19516
3657
1461
9962
11343
8898
9843
13684
3243
17158
20962
7604
26235
1825
29997
14401
4047
3447
4984
8376
1692
10677
2316
31828
27908
7
2484
3775
6872
24716
24166
4392
26716
30471
9766
32662
5706
8919
7720
20604
30489
2857
13621
19085
15742
17260
28239
27857
5172
5125
22168
7417
25337
15172
4720
4080
25817
14999
17886
8370
29614
1022
23601
2401
11496
7103
29415
12950
21386
603
27597
3317
4981
31424
27240
10500
2537
192
16532
317
14153
962
3691
10849
15902
14776
6504
24080
4959
7761
7884
5015
1008
29295
9537
6921
13160
20443
4542
28305
30743
9528
938
11782
14408
11829
15428
30912
11459
15367
5442
6570
11414
25111
19128
14745
26133
23287
7228
3036
10528
14747
2376
10517
9892
15046
11488
3143
18788
19138
31860
26159
3066
4948
28167
15064
28696
9711
18833
32106
31508
5672
10658
7746
23460
6250
28489
16200
7398
30955
11572
637
2723
32478
19992
9940
10964
4075
31316
26435
28773
10204
209
20505
2874
30873
18220
32402
31088
18006
1303
32425
15845
21515
20220
15149
24570
29732
13284
13335
6295
4474
29336
28443
20592
17539
2565
22141
21383
18629
10469
31270
24050
26257
16540
26359
26079
9453
16224
2141
18133
22482
13725
18470
12861
24216
27288
24723
2336
9902
9298
5294
818
18062
9903
17117
18192
17648
11735
1464
22470
24638
26589
22296
31636
27209
12703
26992
32754
3130
6893
11105
32465
1739
30189
10632
2340
17079
30141
17051
23199
17774
8283
25012
31422
24078
6082
13036
28426
7823
32342
1580
25240
30013
31362
21568
26322
31340
7584
6701
12665
18023
12825
32453
31723
25513
13517
30328
26530
12624
32181
22893
3070
18894
23494
8146
4420
16866
10265
14448
31974
21447
5194
11650
4869
19115
14366
3015
28980
16994
8808
16342
18047
3932
28973
23986
19628
25300
13574
1694
26304
32587
9158
24882
2245
4405
24157
22447
19659
32754
19964
4240
22829
19199
23674
21857
31765
18286
3063
23508
8258
20883
12735
9490
32521
18177
22640
26447
13210
23733
3424
13729
4997
9616
7481
23058
28797
23819
998
5620
10075
18982
5043
15476
8294
20129
6063
23410
9425
30319
30037
26256
11653
7016
4460
6281
3873
28990
31788
32453
10047
3506
10402
25386
28410
16647
13142
2100
5805
21175
31786
27464
3836
30310
6021
325
8985
3348
23217
8541
2112
1686
1922
4643
1668
30535
23353
27876
7886
13819
1191
19259
21027
5684
17814
29408
28197
4761
17252
29633
733
31651
19185
27732
26039
32410
3004
26667
26062
6336
3656
3273
5482
19148
27077
2228
19655
8345
31980
30923
18969
24864
11819
14298
4812
31396
30466
19564
31248
32556
16045
26848
28821
17718
18435
12735
403
170
13982
15949
8462
26637
28476
1886
12120
14839
22373
14443
21975
14023
14414
5861
8456
25237
18686
29641
31684
9064
9135
23413
28611
4009
10871
30650
20318
216
7975
22578
11417
15998
29300
5332
16736
21859
3668
32453
11537
28416
8107
21361
11067
15671
8999
9691
10150
20034
14696
29233
21395
23786
1637
4004
8260
28921
8203
29815
17087
25585
20519
85
9424
7678
11653
16615
26445
7978
20569
25766
22941
10448
9695
20462
2683
6995
10047
2132
22008
23567
30643
27194
5311
22416
11755
23713
20637
29698
19633
30526
8769
2025
11977
20175
7232
10515
27163
23471
26460
26570
28180
11944
29701
19022
24905
26633
25888
7298
605
9465
6152
26597
4133
22283
28114
10180
32011
14867
14806
3502
29104
23607
31082
27177
25302
27721
14577
3491
15996
16980
18965
13739
29770
22132
12112
23137
23856
6635
24753
28715
17995
26226
19933
29098
8968
30669
16724
17901
10891
9122
2293
22244
25682
17291
1989
27671
26645
1386
5356
7575
21745
5629
19456
29493
17350
22962
12934
1011
14558
10172
22198
10680
22735
15206
19327
7496
25762
20391
9675
3698
16692
6391
24324
3212
3549
4450
16599
21276
3664
19163
15928
20184
27586
15314
23974
28369
4431
14857
6320
5611
10137
6051
21688
16528
29618
5758
22775
12965
7484
9666
26049
16829
8142
7610
20746
3981
27546
28131
19498
18593
31053
28995
14045
15181
21815
23804
9102
23269
26028
32033
28885
816
28842
13256
7230
4123
9403
28257
12876
7595
10525
1350
32701
1077
31009
14739
26640
25809
3793
17719
1349
23052
8405
12619
29924
8413
30616
26275
30272
19931
7590
11427
15869
25260
28505
2644
8912
22465
19892
15799
1926
28224
30863
15706
9800
24130
21492
30760
8477
13631
7370
18309
31664
30918
20656
18331
25172
24946
19756
2542
25157
16921
27141
22071
30512
28486
4845
28015
4598
15082
9315
810
31918
22606
4056
24870
16361
15436
2833
26916
27961
19903
20172
26870
29428
31288
10406
29914
23861
755
25660
15366
10276
5641
20369
2948
1911
2022
24240
29504
18233
16638
12946
16736
10698
13244
1857
18387
26408
28347
19774
8237
12652
7993
29216
25010
25240
6089
7295
32176
14223
12103
24336
13843
15461
3089
10001
25139
19929
12148
27112
30192
21536
21861
22023
32513
6885
31858
2834
3209
27277
10744
7492
13547
18111
16021
26639
11744
30244
28384
29698
10951
14187
13400
29680
30012
18321
19099
7503
29675
7519
3289
24542
5030
32308
18311
16523
18102
20484
21080
23443
3695
19617
1641
20971
17160
31289
25787
9695
3497
3360
231
19193
18628
5840
1037
27940
15017
9775
23566
13073
24149
15632
27387
32730
11915
16123
19149
30693
10023
15665
31062
19724
28846
17387
119
5626
27177
3299
28308
13528
1332
15125
13125
4394
10322
967
13390
10483
2947
26823
11986
15648
17177
26612
14531
7459
27847
17407
30365
21983
13051
19059
22868
18372
6765
15091
30858
26683
19960
13251
23814
12868
23722
18315
20322
2653
7703
8279
32515
6567
12530
21473
5455
25668
18398
19731
2329
7939
14465
28360
18016
2111
218
21459
32314
18436
14037
20546
13067
7028
5661
6116
21754
20329
8242
11784
678
20060
699
648
16916
17798
14365
24582
17901
9540
5708
3958
4838
192
16354
21724
6527
4302
11118
10583
6128
24084
13582
22111
22624
22126
28224
22091
8025
20881
8181
7702
24185
18670
13031
13410
32618
18137
29229
14781
23316
20714
23564
17956
12560
20899
29969
16325
13152
17748
20828
3849
31326
11836
18495
21458
29939
5105
1544
2
10505
4610
28698
31548
22595
14810
3907
13294
23787
19431
29769
16783
21292
3068
19142
31781
25217
13556
3638
11531
15213
20377
5455
15601
7533
28868
26513
804
31019
8901
4381
6672
756
32260
26826
23811
18796
13545
31862
29491
9344
5882
6042
3075
4253
20291
6177
12418
18975
25083
1403
20020
15629
11620
7661
24342
7427
29171
20011
21212
14703
9649
18216
7549
25088
5857
9773
3825
28508
8675
25385
22585
17426
32344
31048
24993
22991
26503
32198
22082
11988
9216
6406
2250
10151
12414
5598
5504
14601
4626
31541
25986
28201
4990
25553
30545
7959
29151
2154
4240
27515
15504
12291
15625
19847
27722
31354
16113
22826
30096
14685
21613
31623
23114
19199
30293
20133
32432
11211
29751
21864
17769
12761
4511
13248
14068
9919
2197
14112
14408
13226
5480
17202
5303
21421
28586
30409
24344
16472
21628
7447
28197
3213
1548
16160
30754
24975
25691
26990
4544
4700
836
31238
5184
31037
25018
2716
11995
21403
9809
19203
10082
4116
1279
24551
3618
17102
12836
6590
26890
13323
1737
6140
6672
15614
14885
11398
1232
26334
21606
4970
14198
56
16046
21197
6879
7305
5211
22309
28155
12812
6539
8104
4214
18897
31455
3843
24727
30223
14976
13392
12392
699
28256
8258
5655
5209
13251
6819
7068
10515
31741
19457
4508
12296
5757
12196
2445
10982
7178
25027
15132
3515
8013
7671
22731
20744
18064
495
6111
27160
12997
26726
28537
7567
22474
28754
21251
24646
10731
1118
27597
14934
17577
30363
5624
24691
28345
1138
9364
30588
8016
22238
12549
13903
26782
21208
31147
23010
27544
19986
5058
8080
14587
31719
29830
14768
17294
9874
5531
29292
18343
2207
14509
28881
19440
23200
3668
21538
8043
26913
17466
6514
30900
18142
15999
32625
6791
28467
92
23687
8577
27859
2055
6943
24363
22717
8663
20550
26164
17772
30377
8308
11262
27214
22914
26281
25437
9080
6262
20924
29851
6552
21704
27632
14015
9771
9810
16585
19982
18416
3623
5406
21459
15260
31864
25966
11100
3279
28084
7800
10309
13127
25331
17413
27129
4180
14741
31241
4213
24715
9766
9194
11855
30143
22149
3616
7159
19757
32582
22014
4158
22007
22612
975
8724
31700
19675
2853
6038
18949
25189
9582
9800
14987
6979
15048
2206
1431
22574
19735
3266
1346
32046
6484
145
382
23995
25384
7910
30796
13346
7865
25116
13872
10283
27844
24526
21218
10489
7404
4577
26183
7729
10833
12485
2463
13407
26213
759
30976
18581
17915
17867
26883
14165
1185
4968
25789
4784
4656
27156
18417
944
32417
14514
10627
23284
22562
5256
18992
5274
12137
31814
23421
21346
13897
19524
13037
5903
11395
18444
15735
12817
3806
23832
18231
16994
15482
733
27492
12718
1633
23560
16514
182
23903
32007
5337
25078
4628
31691
20261
26501
23367
11468
18319
18494
5757
12622
11484
29
30410
15075
18917
20459
5608
10290
16199
24606
7046
24310
1371
2811
28386
1866
19049
4605
9882
3107
280
17018
10944
1310
13097
19844
15660
28028
27749
22286
23574
19562
20948
79
13028
12934
14640
29036
3392
12448
21657
9809
110
11197
18058
735
16092
12898
12812
29261
18939
14095
6954
5576
30286
21513
11172
18013
30145
31836
12264
28185
23611
15905
24637
31855
21110
31229
19010
31193
27407
13290
28311
32450
19929
24890
26330
4516
11639
22489
10197
12398
15146
17106
13301
2344
3303
16404
20990
9689
10669
2935
7166
4009
12309
23290
31360
11587
19243
20558
24577
24701
27004
9113
22696
10043
27248
27508
16945
17296
13786
9781
16427
12071
29134
26740
16483
24034
19123
21704
9120
5056
408
16594
24208
20996
13516
11133
9987
8084
5800
26755
343
12447
1712
9524
16947
12674
16603
10867
22649
14573
5934
1
29557
9537
27023
21758
22875
26941
20441
20908
496
3034
10796
13943
18823
24435
2951
27698
20527
13353
12952
27044
22827
2438
1234
4675
16034
865
16321
29247
19864
9729
21658
31682
7709
7557
8727
10615
15300
5250
129
10825
12887
24047
21518
31341
21193
30270
6510
3490
17516
8140
8353
28343
13924
7803
27147
30798
17756
22173
22986
2785
27000
21269
13639
25602
138
30392
7947
31463
18568
23802
1237
1573
24126
11718
13289
3772
5184
26797
1962
13396
13859
27459
26219
1734
3052
14022
131
6366
12745
14593
1439
12384
6143
7280
17501
14152
16164
25509
26646
21078
1166
21482
18682
16586
4875
29480
611
26989
19410
7432
17251
14544
15290
29527
3487
13528
28842
11695
22113
27002
17233
3156
15848
4804
26903
29276
20739
10269
25171
27411
2270
11469
6334
7837
32027
27072
16936
31197
31780
29830
23401
3478
32192
10143
20379
26832
9189
28662
8070
29310
15822
5035
7516
1629
332
22037
4263
22815
28257
7432
22143
26569
4363
31571
20992
30298
5470
17549
16635
25005
25045
3602
18668
18592
11242
16712
20524
20598
15076
8999
30568
2170
19697
29944
18258
12517
21108
4700
26262
26882
29600
12433
27664
2192
5190
8945
8508
10344
18923
18619
18670
7776
30750
2070
15939
28782
1801
31315
32727
785
26693
11635
31544
1772
24051
7913
11419
27060
14344
21409
26318
20045
31720
12608
22382
20528
10807
31918
7002
5648
5867
8658
30567
30653
1958
10396
2390
15176
3140
31561
1283
11624
17839
25058
20958
6428
3835
22278
7327
25234
15535
6634
12598
18760
26208
8606
12545
5489
28293
21906
31042
13466
15494
12120
19920
2445
23830
10667
7181
29558
31939
8369
27159
20548
28875
1917
17987
32338
16946
5848
19143
8519
28433
22849
2486
11835
22065
14386
30002
795
216
28325
6109
3406
16099
1239
12688
17304
18709
14668
3152
30527
23983
31507
7549
16493
2881
22859
18253
2518
7615
3046
20089
32666
25047
31149
22582
25965
12930
24452
1127
6133
1242
31984
30737
15731
26155
27094
27663
27046
8268
31110
5127
14573
30768
20215
29084
9899
15032
1620
26597
8943
3019
6072
8990
11093
11177
22327
10398
27431
9852
13853
8969
9928
8753
10618
16071
30291
16005
23006
10933
4991
15203
97
4378
16070
22893
5350
7388
32710
10457
12705
24308
17639
14974
20439
10271
9790
26414
16869
10966
20401
8519
3716
31105
22108
1157
4427
13544
32052
6170
1142
32490
11498
30465
22501
1393
8979
21135
31080
14757
7301
843
29241
1888
32516
7167
32202
8418
17950
13071
32193
12999
14163
22026
28481
5174
8569
23423
17772
18266
11103
1810
19750
24086
30129
13262
32283
5876
5147
30909
23811
18015
8625
31670
21285
24595
29839
26231
7961
13521
13500
12788
17107
14423
23125
15342
4829
25487
22247
23238
19172
1799
28188
25492
19318
8609
410
22132
25866
3980
21544
9504
21569
9586
2066
18372
21355
3059
23759
5133
25933
28499
28642
2691
15650
22383
1278
3610
26591
15350
6509
14851
6843
10453
18099
18888
19183
1779
14446
18328
29370
23839
14720
29920
10153
7495
7280
8475
26133
20970
782
25322
13805
16335
18774
26471
3254
20472
6039
19382
4303
21970
24533
13534
8698
1454
19051
6615
19224
12148
22004
29669
308
4502
11884
18724
21443
22596
32659
17763
29226
7391
18066
21813
10881
31151
26337
30534
17815
1496
1640
14316
25654
19850
29925
2814
16808
6777
8845
30697
32633
8333
27126
19456
24191
25306
12596
18196
2328
25810
9795
30277
21171
31673
6821
12567
4242
21594
16971
27849
28622
249
22969
23010
27803
9096
30566
12
20173
2078
3169
19493
20379
17316
22586
17556
19619
10962
21536
22489
11311
13658
22855
31080
22199
8546
1677
184
27047
27448
10588
32407
1889
27969
11730
31936
26758
15411
23071
23471
4722
4996
22831
17076
22277
26147
22666
22087
425
26469
15736
10395
21904
8258
13672
6262
16702
25793
9618
4671
27464
15793
15836
26457
31835
6810
13050
12207
19071
24563
25562
27024
18845
9621
28223
19390
25919
14704
30380
32193
10136
14973
10115
10881
20932
24563
11118
8468
18769
16574
9982
30677
32509
12077
30098
26038
12993
31979
11643
17879
14607
15152
12125
31063
9561
19256
17624
7018
32210
21237
4712
15275
23672
27137
24714
4788
8530
4822
33
25836
6646
21569
19991
1953
16975
1812
6727
15447
669
11292
30107
22111
3773
24146
11121
24235
19115
13653
27204
10720
22597
11288
24456
5293
12882
24536
19157
23132
30914
15186
19528
14758
21047
25138
29223
23500
1733
28878
18883
12771
14326
25620
30627
15471
23058
15809
6878
28980
21149
14549
32713
13129
24608
8771
26066
4462
12077
10732
23724
16031
16541
16334
31917
30954
1308
20857
32372
21117
20968
31683
30158
4355
4821
1213
13275
5937
23957
12774
5228
3227
18998
20126
15024
14285
13548
30429
272
16023
19729
31268
8279
16552
5482
27316
21014
94
14764
11519
29255
3549
23870
7004
25648
10335
18241
4606
16010
18891
4046
30503
739
4232
12926
5017
25665
31635
10800
20302
24840
11471
31238
9832
13341
9629
18353
27243
24908
12717
27375
9130
24807
29716
5713
9983
11952
19102
32066
13247
16377
31589
6981
11757
9482
24738
126
18606
22979
1732
18292
13565
2435
28863
6165
10400
19016
30375
23547
20827
4887
29309
2029
2147
29086
12105
7849
23061
17176
20072
20704
13800
29809
5928
24195
23201
3498
25746
7485
21190
3200
9607
18497
5460
21064
8975
32069
7860
10526
237
2766
5612
9278
11383
29615
21011
24498
11684
19404
21511
25390
3687
21028
2146
11320
19515
27663
26025
9099
2047
26051
15047
446
26629
7197
16826
26401
24678
29599
19085
10984
21912
16565
4742
9611
19778
1340
7072
31340
8526
10052
6203
9403
26944
1301
16147
19350
3527
2673
7023
8565
14994
11033
11675
21190
8805
26259
28567
18388
18796
14633
4625
15853
18895
7733
1425
31684
18054
1948
9204
9492
111
28313
3611
29062
16798
25020
4580
19157
4852
13362
11353
5680
28659
12870
31784
11488
27856
32552
14420
18474
714
32749
32553
25719
30395
30680
4469
24498
3565
14808
19957
22258
1326
4945
270
1881
32295
21535
23741
13884
22249
6105
11473
25731
8137
13394
7000
20819
9070
29030
6487
4075
13608
28147
16318
13516
14723
22053
15514
24093
7453
20215
8333
6989
11700
15094
8315
30714
2435
15432
8071
11794
6351
6126
5438
17208
17853
24134
9233
5481
26214
31956
29705
6879
3373
7489
9654
22837
13137
30116
29033
22477
29118
28161
18083
4463
15401
16143
32716
10546
21083
28223
32296
26272
23501
19193
16904
15637
24950
20777
21309
25192
6625
5370
3538
14541
15234
7137
9979
4090
18762
18142
32328
393
3449
12799
3870
27806
14004
11557
5736
21705
19287
12810
16522
10286
26380
31619
29590
12515
30365
8707
2499
13721
26118
24929
4123
3455
29903
27611
23923
11107
9368
28250
5536
25626
30198
10744
27880
29731
26493
18111
16311
2183
27422
17331
21139
20227
17844
10259
20050
20841
3289
23005
19595
8260
14078
15760
2122
4283
29115
821
1800
4536
12899
17568
19930
23625
13532
22772
30440
838
23725
357
15137
9780
11353
21314
17453
19305
18156
818
23203
9585
12243
30142
17533
18353
15600
14607
26569
3658
28398
19449
1441
15680
9170
22073
8540
6876
22483
13819
26630
2382
26732
1696
11278
25495
3503
1213
18751
8614
32220
29543
1265
1985
28466
26286
16001
25895
27653
5991
1022
9716
11537
9263
24357
15428
28174
25516
28304
9371
28805
11286
7978
2437
8417
13302
6630
19065
4553
28718
14769
27139
16813
4922
7589
10019
24223
4533
11135
17904
31845
20511
5715
19328
28876
24029
15742
12556
19007
24961
30685
21072
5271
6732
7996
6961
24629
6897
28689
14498
16206
8604
4459
20680
11655
12595
22821
1628
5570
20444
8287
19282
27191
3775
15406
18104
710
16141
28307
20960
13707
30785
25514
20673
23988
21414
3876
27035
17551
281
32247
24538
8423
6416
28756
5693
8337
20443
20442
31799
12354
28202
22025
27286
30116
13008
30457
13154
12200
454
25676
26888
28957
1139
15457
8375
27010
7978
14794
13323
12312
24565
30465
17897
17724
19089
6742
3754
15860
9657
32300
13179
19912
11688
10597
11523
8915
20441
11291
327
18457
21521
13457
21707
539
5791
28777
5882
22953
14306
3607
19912
18680
25869
29333
17558
16116
7719
30552
8790
27863
7510
17540
10991
4603
17244
7004
12259
14828
11618
9468
29743
8386
22517
6474
1907
12718
29518
21034
23634
21458
19670
7921
7708
31062
29161
27677
2474
9400
28634
4931
19850
22627
21816
26440
13661
9348
22608
20692
9340
18201
18163
3844
9186
4682
9082
28767
1862
3325
4870
6156
28039
421
269
9026
8269
28506
7186
17151
5870
4399
4019
7677
8334
28608
8169
3810
31115
12554
2444
4790
20504
6784
19477
31643
31783
31067
16552
15288
28301
25905
8786
23671
7008
4297
27535
30192
25508
7470
11535
15013
16935
8962
16825
27503
16298
26133
1009
18360
29249
26422
26646
19947
3069
18505
8271
24617
15559
13978
11656
8510
27535
20337
439
7635
2727
13031
5988
5604
2921
14583
8808
31349
13600
31960
15861
29569
25382
12938
15318
564
28233
31408
30968
4954
17779
10397
23338
5654
31115
11953
23585
27351
16534
9446
17855
16008
13346
7590
917
9735
20196
15584
11686
3545
28064
17754
12397
21020
22345
4169
13858
4796
4202
8991
13626
6122
32196
22436
18477
23242
6712
19016
12923
1644
17384
695
14065
1278
25754
2735
9000
27968
31069
26382
13392
25656
15726
10032
14635
18214
31836
32375
5468
12730
20331
7211
2530
13445
18998
13701
26336
20398
23193
30214
2719
1510
24526
18957
20949
7069
15574
14249
23848
22134
27163
14764
20462
20729
19027
20737
27703
13961
18087
16447
12301
31637
30229
9597
22522
26130
21523
26217
27339
31272
19061
8852
12948
7979
4752
8208
18164
4302
12704
26173
3226
28819
5223
31456
19976
2950
3607
30069
20887
10283
15986
23751
4284
28853
9008
701
29833
19832
22689
21111
15223
17313
19859
17561
27746
11301
28278
28135
31445
22263
3006
23571
136
28286
32649
13522
12327
12102
22146
19253
25941
18422
5
7991
30193
30082
18820
31635
10392
12193
10537
9688
29803
31106
7100
21694
28178
10938
6600
24763
1537
17538
26617
25298
31737
10015
18121
13740
11218
15265
17755
3305
6009
26064
15271
5816
21045
21092
12248
23461
12590
30068
10994
20659
25903
19761
16568
20395
25003
15572
20173
27059
13566
5077
14105
18466
13814
5470
6510
3987
10898
5119
20588
31033
19465
30115
13730
5746
19470
13251
28917
29342
16211
11225
22342
1841
4428
21528
7247
13831
25909
10330
23502
15864
2134
25434
15846
23981
22918
22563
15042
6321
18926
32712
16763
21195
23311
3926
17980
13708
15879
10759
31652
5156
30735
952
15211
16762
12361
1949
25161
3195
2745
22324
8979
22193
13456
13687
5416
31000
1457
12886
523
27438
23406
10852
13905
24650
4242
28369
22974
20270
13989
10648
4779
6111
29803
20985
30890
15285
11694
17706
6765
23470
22589
22346
6884
28935
8757
28822
10662
29710
19839
2783
23186
25906
25754
9020
8374
27740
11419
29692
28784
642
30834
2782
19666
22905
16750
3973
17483
30218
10500
20006
8324
12361
18380
23172
19849
3618
28108
24350
15401
11317
14329
27814
17311
10468
7931
23990
18034
17833
25393
8895
7833
12973
31221
2626
5347
14487
24609
22850
26518
13474
30161
18425
9302
6899
18283
14026
22857
29481
26589
12151
24953
821
16422
1684
20602
7276
30744
12603
16716
16090
23644
8962
3202
1754
26038
18474
10660
6372
17802
28697
16339
32677
7072
15370
10667
12373
14628
26116
28782
10565
5361
29704
606
24247
21775
11151
10346
27123
4473
22836
32525
11927
13348
16557
30324
27183
6718
18687
7647
25093
23219
14578
15945
9019
22006
6083
2123
2326
29438
1562
22846
32157
11663
9019
23456
10339
22970
21120
1720
32673
16551
29959
16765
28551
31378
27560
11445
3028
10772
29994
22618
32677
31908
15542
26689
12170
5213
11403
27646
16863
16130
22772
28162
346
7743
6007
32262
19936
9521
5712
15021
3997
3881
2078
7780
24659
13229
14299
5005
24306
23488
6417
5086
24938
31844
10315
22275
30909
31324
12234
21643
31576
23350
17530
7425
2467
1929
3877
20057
16599
636
13797
10127
4112
14983
31199
32650
25507
22398
23854
9030
6833
10699
25886
24370
31484
7930
19611
14295
5882
24444
15081
5563
23080
31140
21141
26757
12193
15862
11435
1377
30447
12449
5161
17574
15137
13386
5556
8887
24605
21003
14218
26663
14904
17084
28088
7456
17412
7537
7821
19461
26217
20291
19278
22358
1784
16468
12587
26324
20603
18957
30322
12262
27089
25258
14339
7484
3833
8697
2820
6578
16492
862
18133
631
31920
2331
11078
1134
14378
9422
14088
26836
1844
2363
16994
5412
11887
18764
12837
16951
3418
26710
22242
11952
5924
16286
19546
20631
19903
23836
27958
19012
29494
16255
12025
9855
25920
4977
31282
8165
22293
22043
21238
30606
23936
236
25997
7916
310
8854
19308
14582
19302
2394
7267
13958
145
25222
8216
4608
32156
29500
13236
28213
27428
20084
14300
7303
15121
11332
6883
20045
9326
18016
21310
30073
4472
24029
24120
6264
13300
20026
5863
7513
13254
20896
31070
20530
11200
23145
9764
10431
26808
9696
14821
4941
7901
27719
19816
16598
2379
21023
12737
17006
10204
32419
15560
29661
3905
31638
14793
31118
32594
16958
21117
21928
13219
6577
1081
22650
8792
10831
30054
28700
7482
27280
16177
6995
2314
18688
32643
950
7957
14215
18228
783
27912
31726
14460
6148
1798
27039
27050
3575
8184
26796
24600
23594
31780
28179
14174
39
29186
18753
18630
22367
27978
27348
26368
15377
10322
2213
535
26989
3991
17158
18340
27386
921
12104
4930
6965
27885
27521
17217
30075
22157
8075
17823
16168
626
3920
28979
19457
11365
8773
32556
25039
28434
1077
14522
32589
32606
17216
11531
2628
12794
3875
889
10485
32568
32186
15874
19127
31006
30915
32760
9185
26554
14564
11513
8426
32692
29168
29730
5327
26410
5222
7040
9909
31927
18490
8135
17104
5333
1240
31815
4739
8550
27239
12059
16329
30605
16458
19876
2003
10178
15597
15670
24819
7206
31422
25616
14264
28947
15993
26258
1883
15352
29353
17578
20825
13412
31852
27536
14434
29536
19830
4019
17010
15618
22360
25331
1598
2111
17410
31504
18385
14593
6023
31842
18551
16505
7969
23755
19930
6071
20853
21227
9323
18552
1048
17810
8451
30783
6737
20347
26058
10663
4385
11063
28249
10231
3200
7015
10011
20727
18922
9006
5113
12546
7194
8934
18998
9565
21526
11538
16791
30919
15211
10132
16584
11857
954
3361
26875
28272
20339
25329
9426
19025
14305
14011
32383
18796
29799
14560
8490
30044
1801
18151
2450
22510
4653
31273
10744
8056
15267
3789
1337
23916
16612
14071
1338
4908
8343
11837
4232
288
32090
8539
9024
27655
7614
15911
28461
19594
11667
32711
18225
7447
9319
2849
23014
14828
30025
12179
32644
1906
27603
24548
7942
21197
23143
14203
28296
8369
32184
24527
4852
24183
14732
27167
25309
10608
4801
29027
20651
8313
2702
6274
16377
29647
16140
14533
19003
10021
29941
21644
13988
14836
28331
8768
10567
10771
13436
17288
19836
1159
12836
31936
32645
30876
19859
167
14705
8501
23281
9303
18241
30816
4576
3963
1610
10541
26625
15548
13274
13249
29881
24188
3870
6054
16949
31687
21059
30821
12203
22918
18140
28759
18659
1014
31108
1464
14071
3161
20676
30205
11863
20204
2871
19303
32271
21784
26859
28889
9293
10220
1035
14311
3101
9931
7355
1327
22648
13922
23620
5868
24701
23517
21361
6600
16638
6235
14393
32754
10046
6303
9885
20081
14585
3336
26836
21688
15781
15811
2726
634
27896
12095
15382
20415
1706
27361
18243
27448
6012
16378
7568
8911
3961
4342
16387
14979
3452
214
1771
9587
1010
5344
3270
21816
6881
7828
16481
4984
29482
483
25153
6584
12043
11164
28994
23410
25575
19495
19070
13928
22858
10869
112
32055
14632
9015
11610
4143
5477
10318
17635
30818
26266
21635
10501
14587
26647
26489
1574
19154
29988
15839
14981
30269
19341
6634
19672
32552
22365
20483
13876
22376
27625
11197
812
19276
3600
8457
4157
23669
13250
7597
25962
16104
7359
3826
29987
11362
10401
28573
17003
492
19997
29217
12858
23470
6022
6931
3104
8968
18578
24542
28204
17119
4449
7608
14348
30261
29371
31957
12661
25853
14234
5082
28614
813
10216
24468
16104
26132
22665
25322
4472
1006
15516
784
15400
4534
23550
29694
98
29499
21264
18721
10799
29046
32699
32336
17752
11035
32689
3329
11723
29550
25589
25021
32575
4952
15773
17873
10267
8378
26583
4423
9108
24577
13098
14612
7958
25595
22014
3475
3814
24553
18015
15666
30213
24533
24830
28524
25943
23333
376
3063
30212
21873
28635
574
17183
402
18279
9489
9862
6907
14993
28315
15625
26957
22606
16533
30158
8741
13965
29882
12531
7480
9733
20859
12662
3747
21298
14067
26194
15228
30874
6173
20203
23725
1621
5189
32428
9218
25292
17596
1007
6016
10433
4816
13853
14073
1680
10747
12054
8157
8884
23131
29651
9043
10636
32610
4170
648
26719
16079
10897
17735
6559
13277
20807
24267
18026
23226
2352
5329
24918
20538
24095
23793
32366
14797
31513
9261
19576
27055
3511
13515
13178
4958
30924
11872
15484
9297
6728
17454
9870
5351
10332
13743
19725
17822
27103
13682
17187
15493
19953
12838
18573
22260
9950
13813
31649
17274
3141
20499
27791
22551
10361
15510
30183
6315
29991
16008
32347
431
11065
24634
1991
27427
27131
3548
12142
6087
22908
15947
902
17550
19512
7722
20984
19536
9203
28980
21601
13247
32232
7632
23900
12700
27171
5862
27395
1835
12844
6130
17075
15588
29413
26455
31248
5995
3509
4853
4425
22722
13542
23293
670
8638
5964
16132
27423
1975
28456
24919
12470
12932
30795
13455
18791
5798
4479
10085
2007
8132
3362
17095
4363
24408
29972
28203
24435
5031
17876
20003
30503
6902
25829
28977
12144
9979
22135
16093
13706
17554
30275
23814
11432
2993
14263
32630
3897
2974
12627
21945
13674
18271
30547
2862
9452
22131
2446
3422
3575
32191
22686
3213
6543
21707
9793
27279
27910
19246
17663
3037
1730
8775
31501
16104
22592
12078
3186
11693
16729
30954
12392
3466
20676
1765
30213
336
28125
29597
23578
24985
20388
6043
8284
24412
25865
24745
2497
13502
4711
10560
12845
22571
26702
9280
4942
26022
14213
12515
23236
12893
9807
10996
18822
16001
10990
2876
8833
31060
3942
27710
27778
2948
25219
18212
2901
7095
31261
31992
29743
16743
27291
23
329
6640
6070
12771
10446
13287
17024
18617
6903
17582
14500
21027
2932
23621
2287
9550
10767
2915
24847
22974
3724
12230
30875
5696
7123
23239
11604
19488
7761
1585
13483
12957
10651
2899
1667
5786
31060
4180
25911
21142
22866
24519
9951
734
22780
24191
9167
18945
19958
5029
28257
14725
27137
30471
14325
13016
26652
31155
1845
21641
5359
31941
9118
18360
13930
10877
23100
460
5802
26005
32692
20068
13852
17105
21384
13711
26852
16599
10391
4671
25472
12865
30435
27899
31400
3569
14999
28373
6777
6564
17481
156
14547
8906
24188
27218
18176
14742
27753
1760
26262
8785
26111
24585
26014
28915
21800
18077
17909
756
14414
15087
21491
19296
28190
14728
4171
9514
3723
16413
28978
8130
21782
7871
16068
31209
77
26962
3747
16069
19090
7488
8929
14640
24606
20335
12320
12630
30278
30320
20215
10367
26620
9465
7320
1833
31640
18581
20144
29018
13785
16538
16015
13620
24102
24923
12169
1994
6170
14240
21660
1074
13888
8275
22867
8412
10779
2172
29161
3873
13674
26992
14002
14623
16553
21828
20151
20933
31451
10120
11680
11050
9863
11826
26840
18211
14337
24281
26603
22036
10474
27684
29747
6150
9466
20353
27571
21498
29693
6938
6979
22909
17692
10245
1006
16509
16222
29882
3992
23387
31599
18379
30947
3905
19103
27343
27220
1718
28461
4511
6322
29296
10694
16838
23727
19561
16457
20018
4043
20789
25037
15152
12404
9106
3045
7831
4466
20033
21795
20546
6274
6164
16602
32452
20545
24137
40
31832
20812
26902
17460
22551
18086
28293
1461
5998
4442
14210
26036
9166
20321
6962
2962
16549
18885
17543
9292
7566
3591
30226
26366
22724
14015
16408
17062
1501
10114
23783
6443
3253
16392
10090
11166
29864
19086
24572
7103
28676
10618
13178
9923
15293
2110
14492
32084
10083
4990
22405
23770
22866
31861
20376
19961
9001
19349
20366
11354
31357
18029
21445
23471
27086
27856
16091
19953
3513
20788
24700
16108
29296
20568
24184
18686
25960
27690
13337
14108
3921
19943
15283
14357
27211
13188
30332
22299
26711
19533
1694
23935
24075
18636
3979
444
1419
8684
28817
1975
11700
23390
3502
13893
27034
17724
6821
17902
21557
236
7249
11505
15447
19784
5178
27783
19681
24059
2662
17260
1335
16942
26994
27036
5617
7781
24801
14682
30164
15779
16819
26999
17152
15829
2361
15569
17514
23405
3625
19226
8077
8270
1006
18139
5725
31208
18497
25784
24957
31396
12029
18421
31409
19074
16431
6201
27542
2816
7277
9362
29841
12863
31594
14266
8197
8545
30919
409
5577
31285
9003
14858
17113
30742
405
24802
10571
20496
753
16175
27781
23621
3050
3517
28078
5775
5888
25823
3170
9831
6874
22891
24490
1542
10973
27399
31531
713
1533
10147
5277
7386
2003
10311
7551
2573
12272
19215
9481
24584
13170
20084
5731
10663
19669
12748
10004
27551
15883
32532
2493
23649
14542
25070
14599
21313
8501
12262
28378
13015
24197
17913
7120
21157
11850
24408
29417
11259
11687
18793
23936
19992
3307
6415
27517
23954
8548
17707
5069
8952
18808
19043
22799
27829
22257
15394
9872
18487
29593
26335
31098
22097
13319
26531
10824
16094
19640
23749
27261
1960
7522
5112
19094
21128
1668
22921
23613
18126
15682
19681
17599
10722
4464
24145
21440
27436
23021
23055
29230
10034
31538
9339
32115
26112
15402
2983
25327
6349
23877
21015
4005
6875
9672
22213
2100
14751
23399
32360
15626
2082
22549
16886
28372
423
12827
1640
14136
16270
10855
8637
2503
18040
21799
12609
16685
11948
12439
9487
3243
11194
7703
9429
20936
14174
29057
12759
22083
25510
2745
10807
17995
6231
11654
4467
27378
16270
2976
16943
9440
9635
13578
27957
32580
4178
25249
2490
28433
20765
20214
6883
4710
22252
4441
28295
1101
759
12086
14647
6313
17637
22437
13179
5226
16949
32060
7263
13827
3294
16935
17710
8734
11570
27259
2686
2190
776
18632
24172
5509
16922
22766
18473
775
3500
32049
31926
24222
30575
4495
29931
22352
26020
18768
9406
10190
9348
2784
14274
28910
9952
15834
30446
6235
14853
16229
15264
32651
12514
28867
5089
9970
19053
5159
31723
4470
22338
27591
20713
31778
25229
20275
24829
15902
25131
10981
15495
25823
12812
7705
11429
24731
24284
10975
29430
21760
994
11374
13988
25125
16424
1979
17057
31169
1756
19018
31024
5275
20214
11076
8360
23617
26139
8907
28020
7421
27329
2954
27999
5125
12693
656
14351
28146
6681
31070
2254
2419
5778
11838
9617
21059
27425
32471
14130
18520
26672
18687
30465
1886
9231
19920
21883
25187
30687
19198
32345
26580
17328
15975
24013
25000
15846
2028
2824
9691
20961
23936
15359
19230
20957
17790
9839
5581
22
2880
29214
12577
13104
25069
8293
2215
6615
10642
3307
22000
24995
2677
27571
13962
17726
23206
26713
24112
17864
470
19096
14654
4986
20332
17424
4968
27018
30422
19270
5802
24911
9757
10221
13954
166
27325
5220
23390
1940
22707
6271
25168
16685
10199
394
17673
23476
15212
7051
32261
3075
18422
4040
32003
45
2891
3209
16312
25955
19181
6687
25284
1300
3223
16677
16101
15704
15638
26118
26219
22671
14682
32192
5868
2117
28109
32743
29496
1882
32740
14828
6543
10079
13811
26527
27154
19778
4421
13555
4472
8494
20076
3329
11266
30125
16342
23120
5297
10768
13985
7252
13494
3088
28080
30260
26410
31925
11007
6865
17663
23671
2867
14851
27959
676
11126
21285
7507
17409
9601
4309
11791
19636
4602
4597
18508
20833
1281
17397
26190
23444
14598
12885
29991
13663
23517
28517
10867
14404
12820
31312
25158
852
1156
18008
6499
23705
3110
18275
22447
16818
20520
10167
7909
27581
10816
2818
12682
19066
25921
669
17956
15020
10732
5905
31399
31683
11784
2779
7216
10425
22965
14956
5877
14394
22269
15732
8828
18439
16300
11616
32268
14236
23905
13601
20834
22033
12262
20016
1444
10046
11709
20175
10907
1058
29435
11665
15388
6790
21082
7708
23495
4061
31881
27438
21237
19311
12742
12766
28907
11190
12719
25125
6484
11016
23893
10396
5870
14199
16275
9607
1667
16886
28574
5395
28187
18621
476
19676
21616
24814
31482
12978
27810
888
31033
4253
10796
8507
2056
27166
20759
17006
20952
14008
22125
13630
9260
9647
9457
4024
31215
20240
6669
2281
11
30193
20236
27972
18487
16378
649
12868
7696
1573
13863
27986
12908
8897
21635
12776
4331
24765
29543
6903
5071
28707
1601
902
18957
995
5331
12956
931
31954
18987
32353
30765
17906
28630
10880
15283
17908
10577
1487
30150
2555
960
2866
3787
3491
11746
2493
18326
17474
27717
6168
28475
18286
7606
22312
11040
20159
25596
18411
1367
21717
17606
14500
13611
3485
22241
3385
22009
4561
20398
26329
66
25534
1236
28385
30973
12618
13874
18689
27442
30517
13336
28827
24516
27039
13750
1387
26511
17867
29652
19309
11186
28962
23492
25083
22574
2427
28309
30262
5297
19097
8330
29864
32684
27893
19658
32296
24491
25022
4441
9213
32486
4127
10055
12102
25875
30656
2856
30617
25471
23695
2500
3306
10077
24512
1295
14510
18014
10770
1371
6721
31106
2901
27340
25221
31277
13097
21260
29389
13693
26376
1857
25337
18907
22919
1596
13026
720
1752
32499
11000
18202
14996
20274
12329
11520
8887
23181
3845
10466
5101
19865
544
2580
25356
8540
30648
14829
30689
29441
23192
28954
32047
976
25148
22328
20981
30046
11830
16547
8176
5633
12497
32392
15201
20871
11507
30018
12304
6696
19272
27875
8081
23992
2716
20496
21702
23330
3977
19731
12453
27665
5971
3371
21563
5872
4624
30246
11249
32021
10252
10802
16399
31033
11883
14833
28286
556
20240
15563
29138
9670
26558
17288
22920
12321
25725
22814
22411
21253
6464
1479
1789
24996
24260
2135
4149
29832
30395
14797
19972
2505
31530
20264
22589
30083
23824
28028
6004
13959
13896
17476
17925
849
29360
8698
601
9019
5259
14053
22116
26608
6180
31283
22642
23330
15029
25927
18724
29824
10374
31060
21173
27618
22105
17195
19842
31687
2566
20817
11722
10242
22115
20565
32434
23728
3686
16736
3724
31085
29582
32526
12376
7368
9086
1148
13963
17396
2284
10915
2832
4800
21433
20452
2189
22472
15457
7651
30951
8429
5782
24985
23816
29700
30504
10661
25056
32715
28968
7907
9897
22817
11853
19264
14448
6262
26262
17101
26321
27520
31537
25362
22018
28463
14492
7332
29203
26084
1034
31482
10099
7646
30728
24188
1207
7156
13408
7389
10647
24202
25918
31659
10041
19646
17809
14628
13747
9698
8372
5964
25291
1327
5966
7484
7680
19895
11127
701
17871
4764
22556
31253
6703
20352
14244
19489
14430
1340
32211
31396
991
3797
18671
23775
8388
17068
3618
27234
25385
13300
9504
10273
22529
10345
14089
27594
19221
5695
5265
26966
28233
15961
14174
16095
1569
14012
29362
29361
16261
31043
5961
6051
4801
19092
3717
2984
22480
3410
12488
1185
28634
21909
23329
24437
10235
20631
2092
25956
14662
21680
28723
31640
2570
11652
29849
28925
5203
30843
23161
24147
5556
9585
6282
19586
27716
28591
15430
5421
17639
25370
10827
12681
32463
16811
15873
27504
26690
23839
3197
9393
14493
14576
20133
10411
27545
2179
13973
15386
25037
23971
13378
24368
27252
6958
27997
30184
6769
14
27771
19095
5264
24171
19314
7875
9999
21279
23814
15929
25181
4459
6597
18522
3361
5864
21551
9142
6526
23488
30746
20444
32661
21277
22869
2415
8524
20450
21900
29821
6990
8602
19819
16653
10068
32173
14598
32247
29602
2266
23417
3577
5076
5345
22987
29446
28378
26240
14617
25569
20034
6049
2032
24555
29365
27090
14074
13626
20933
7413
25821
11498
24806
7737
8544
20920
4537
9033
27600
1228
25489
1475
28834
21719
11824
29419
19033
19294
2513
17313
18858
9302
30828
4240
2270
9200
13365
22185
20089
32438
18277
16336
793
2007
20798
25556
16032
6591
7241
5541
12437
27883
27107
4289
26568
20732
5879
6896
15669
31754
32269
28209
26155
25658
14980
32500
29102
22419
12571
29321
13593
17933
439
23001
27656
29163
18016
1108
3956
31307
17292
32554
10272
29692
28064
5310
8244
1167
26548
24664
22568
13233
24470
18969
740
26296
27410
32565
3366
14971
19057
14940
5155
12135
13376
28793
12145
23503
3667
13727
4644
6276
14345
28224
18232
23462
18896
8353
3375
13753
28140
31370
5370
9467
13941
24386
10269
13045
5279
4539
31247
4177
21823
20233
10463
8939
18058
27928
12573
14891
27423
20895
22776
23953
24136
21840
22180
27025
19836
26450
13823
28322
11049
1264
16755
1682
32433
22931
29214
5148
30130
6893
11056
8380
6795
30072
17557
19650
21532
7455
10453
1446
4813
22074
2616
30363
20177
2752
29485
26470
15276
16312
13804
32113
21746
32497
32603
4891
10322
2291
4398
6483
212
25397
26451
14181
22367
5777
19597
7443
11390
12788
8799
15080
12131
25946
24619
21705
22061
18682
3483
8909
19302
9405
15424
29775
21712
19445
17529
2369
5985
24908
18839
5570
23692
5882
18750
9203
15554
16188
14862
18439
21305
16641
32131
23194
24300
17638
10522
11588
29923
11876
27318
28013
10164
13640
3137
10595
18506
13156
23190
11177
9189
31365
29599
8339
25442
18085
16314
14863
28605
8289
6754
17862
32724
17325
28171
26980
13165
24262
18253
31027
24443
15720
9029
7407
28573
13378
32057
14038
232
24743
24442
16638
6630
4230
31631
5355
9182
26268
3471
20833
2390
3816
3791
21111
7639
5983
31677
28653
13040
16610
12556
30143
32381
23661
9234
2810
13866
2193
31342
31439
1074
25380
17645
5094
14701
823
25007
4597
24713
20296
18821
17808
5783
953
19614
28227
19658
32129
611
31454
22396
7458
28831
9232
28274
21979
11747
5431
609
15646
809
6007
2993
11844
20663
29449
13952
22144
14918
31446
4074
15633
24164
30277
6280
7100
7447
23889
24630
7034
12739
6878
3866
18798
9293
18765
32738
22553
21889
7502
20300
209
10929
29429
1260
6511
7327
12561
14634
12873
11678
30393
23690
20576
2803
18215
1072
6106
23937
10186
24483
31410
3494
25750
15313
16302
32352
28319
14163
30097
948
2278
3059
9874
6224
14194
4459
24590
5743
9379
23920
25210
30717
28868
9455
3483
25083
8159
17047
23801
32550
6613
1687
2193
28115
28845
13225
7626
17694
24877
19791
9386
30019
16807
7004
9546
1868
21270
1719
8583
32749
10346
13148
22267
27052
6175
31651
23852
19012
27668
12485
29698
1868
17307
17564
5759
32276
23500
16554
9642
21200
12832
11869
16332
15096
13627
21649
6111
18158
30728
28247
24900
28386
6923
16117
9140
26355
24563
10030
2937
32406
7023
8131
2526
3900
31043
15673
23012
15919
18075
8413
15670
5565
13983
31494
1375
14745
21831
666
15675
14974
7281
1491
1707
19733
24369
30787
141
26649
32616
8726
18668
3513
8600
21656
28531
17470
21238
18423
27688
493
21953
1609
28247
4143
2003
2000
6091
10735
6006
25725
30788
22852
31352
16052
23846
22608
23426
19279
18799
31080
29093
6885
10731
23156
30262
2124
6571
26521
11484
28764
19123
28950
12775
5878
26355
22636
739
23877
32121
6338
30061
11588
20452
11911
4166
16001
5148
8793
31398
6176
32320
15142
30163
29730
9952
7057
5361
26600
8557
20119
10012
30194
22253
1906
1972
27885
30963
6333
18680
14317
8399
26330
27863
1015
28418
22929
8194
24258
16117
4345
11078
12990
17130
24988
3865
17494
7218
23510
32115
5234
17312
25214
9695
19521
22079
5320
2001
5685
6720
3946
16186
2127
20534
18686
32602
924
9350
3496
12245
11520
21784
24056
24586
25394
24403
13586
1184
22024
19017
31244
13153
8949
24878
8343
20812
6864
29199
15586
26341
5334
25792
3771
3792
29427
15895
18424
12958
15165
25431
4629
2535
27329
12783
5918
3993
25987
16229
4559
24975
10176
21901
10491
15974
7286
32510
6698
5516
15655
14278
30598
23961
24281
5725
31992
9443
20577
216
16526
4172
11745
16991
16928
15455
3472
5345
7731
13468
27065
29446
26653
29967
27655
18022
28522
10792
32255
17912
29823
8902
17102
6349
4221
10389
24133
4350
21608
12954
11554
4835
25481
9740
21137
31877
3344
6502
16114
8534
10494
19898
5085
11808
15426
21064
2403
2364
10274
1615
14487
772
26845
27939
28494
27274
10127
2176
28962
23179
9044
11550
18877
21150
13744
1413
5204
28849
30255
14115
23665
24246
16712
23964
31734
18586
9863
20577
6751
28279
492
26244
12615
9994
17550
11467
14893
26215
12419
16899
27001
7403
3076
19862
6842
627
4045
17504
21042
8651
5315
28607
30612
14442
17625
27369
11788
15964
21300
2691
28032
10879
32654
25199
16662
18162
26840
24037
20214
10699
29475
7621
3409
9736
17600
4395
18594
18633
7846
31812
24371
14012
5141
24929
21987
32216
25977
74
10792
12110
657
24533
1360
21948
30672
5559
13580
7076
19204
16537
3374
13854
2869
26735
5810
26569
6096
14597
12283
12295
25349
19162
608
31338
13165
28210
28903
25193
10480
11367
25680
24408
2278
29568
6230
27799
5500
8196
20017
521
29785
22801
2143
28871
26754
29352
13220
30742
25467
19019
24912
9879
12720
20938
30400
23486
17939
15450
30247
32133
26885
487
17551
13922
20090
11435
4378
20342
22360
9472
16782
31495
545
28530
2064
9008
20178
4377
1584
4311
6667
3622
8486
32480
13167
14011
27483
28064
13134
13824
18220
19093
21378
6003
9962
16468
20374
13951
3621
17090
4142
19537
14378
11143
9634
4071
1994
31424
21997
7273
9309
4084
16838
4541
26631
28490
25868
9046
826
26361
30311
2380
31100
10495
27181
1970
23403
11542
7298
36
25086
28388
26308
16799
20237
23666
9254
2709
14100
2271
27034
28993
6196
30550
29941
9785
25210
4669
5965
17730
21860
8879
7846
10343
22177
23597
718
29005
9753
20624
22918
15553
4909
24642
21986
13459
5952
31406
22259
29607
31094
17141
18851
28745
24507
27875
25055
24769
28936
26145
28412
20007
27873
8108
20307
18809
23587
2949
18223
30443
16124
8875
16106
25470
23611
1862
11346
22740
5578
5925
11089
9027
26232
618
2510
32296
27900
14980
19150
6782
10295
19806
25823
29615
18618
214
16310
26281
15240
17009
13591
16181
21021
16205
6389
12164
11183
14423
3291
26123
17331
26301
8842
13714
18851
1191
4580
903
9727
20002
1544
28823
20626
3676
17855
28544
23542
3351
15127
15904
23130
28760
7757
29906
32643
26207
18416
8187
9233
11228
28228
6112
3588
16992
20965
2747
8830
27410
7596
27917
25802
14755
32214
17461
26270
21380
12899
32578
3485
12118
8381
20998
21024
26786
10394
18027
23350
31690
16419
30731
7146
32319
6998
11770
21956
9973
25257
18150
9362
15124
15600
11107
30567
13041
12416
14976
6885
11068
8085
25758
14520
30331
25585
26754
28771
25270
19910
26280
27967
1908
2518
16090
7616
12263
13017
27650
28667
13668
4639
21053
14181
24086
21366
13104
8158
5106
12366
15519
20974
2029
22043
25915
11342
5485
3067
3004
13994
31230
23449
3120
12709
13639
16721
16275
26654
9532
10133
6559
9649
12949
12687
22757
30337
8574
6407
32029
5173
23184
9096
30651
9281
16384
29374
19139
11111
25366
13347
2525
23165
11745
29659
29100
6256
21802
5851
2396
28041
9894
16465
634
13295
1903
9792
19209
12654
14005
6507
1490
32374
10417
17525
23803
24167
3547
26182
25307
27915
23133
2993
29965
17764
25031
3155
21955
1449
23300
20158
28509
21643
24717
6103
30267
19388
16604
27004
23759
27570
13092
13418
19958
31913
17471
24926
8584
231
4072
30075
32557
7235
6698
21996
9075
5352
23832
28362
31518
20823
24255
16704
2240
30635
25433
7405
18569
4641
4036
2185
1631
23767
4146
7628
23089
8404
5921
23691
16009
16457
18574
14629
30049
22550
25957
27165
12088
6800
19261
14600
10341
18306
7234
23210
12458
25970
9074
4700
20748
8229
18701
9392
994
28773
11078
23896
13101
28929
12095
11332
28967
1302
7732
7691
7967
13197
8951
13196
30339
23525
15260
23765
10303
10290
29557
6980
1605
24678
31041
3819
27501
720
26016
29497
21888
17890
17866
20183
25999
26423
16001
23249
14986
27605
23364
25846
23054
13743
24006
12673
7037
4718
8606
8185
18772
10096
26688
5973
27833
24337
8492
32100
30548
15146
613
15724
16224
12504
1317
8722
514
29055
6863
1657
24537
17678
11813
8878
2006
22916
17595
30532
1102
11187
21675
7227
24141
27971
8843
30503
2862
3067
15260
7309
22632
15932
24644
24721
18859
14542
29375
23246
7468
29152
15889
24966
27197
5449
10559
16379
3616
3604
10942
11292
23325
18748
4140
16228
15826
5556
28222
30464
19659
17834
19706
32560
30290
29965
25638
19951
16520
6477
31744
20694
20405
15970
17967
12862
9949
5391
17146
31141
22164
13928
1720
2899
3602
16530
29575
19260
17034
12490
15169
26409
24760
7848
15788
3091
15546
15525
5873
2767
13344
16860
29264
12273
13894
8461
29969
21226
9954
12519
21950
24691
20185
10631
29583
25647
20311
6972
550
21899
19230
17037
7548
11242
14878
23933
23068
32255
6982
26125
9615
12409
30875
22019
2839
30694
29063
22506
12448
12753
16243
2394
8179
