1000
868
18987
19653
1367
2798
23285
15466
1946
27345
30857
22582
20964
16678
11054
8092
23791
32402
20611
11030
2904
14095
14632
8975
21746
28655
20155
7681
15456
3870
22022
10715
17123
20391
8566
1189
20080
24441
18383
18534
13830
2668
13087
3654
26686
5759
7153
19696
24612
13667
17602
30266
23621
12094
2489
6152
3081
10921
6290
1133
10051
13818
25820
17684
9223
30153
11364
24031
32444
7341
8177
8909
18545
4167
1073
9505
28533
24450
24308
31681
30241
28184
1176
27356
3065
31065
6596
11983
15604
23080
23898
28234
11031
10310
20134
6062
1608
8915
988
11706
13922
529
17601
18279
27525
5740
15784
18192
2224
22711
24224
3286
7313
20409
15084
10307
23707
28392
31923
19758
22106
21108
16633
4062
19203
31879
28622
11378
26960
30668
25797
23935
22922
814
31656
1532
20455
10978
21866
12891
6423
29351
26973
13561
21786
30028
13989
25016
21588
7539
10733
11498
19171
23446
2905
12658
20016
32071
2235
25125
20676
2492
12297
27255
4190
18314
28175
595
10818
20401
25953
14666
18899
20953
12692
31984
9572
28123
27309
24195
15692
18051
31962
23502
4408
12693
10336
12109
16326
10509
15829
27538
17487
25003
27279
26087
18179
10927
10588
13365
13116
31458
11123
16933
2060
20181
19883
16772
5912
15469
28139
31212
9642
24479
13538
15265
9217
1145
10232
31161
28396
12898
6020
20352
20375
31906
15679
29978
11684
15397
7929
26474
10109
5755
2442
18227
1257
30244
14348
13181
14302
22539
31559
9019
24471
4688
30061
554
485
30794
15880
5372
28362
32717
560
26806
580
19368
29953
20823
14439
16242
9292
15290
18350
135
1421
22205
13715
2125
20253
22435
6493
11196
29097
23991
314
15389
17891
14642
11661
9489
17015
6495
5769
11222
20033
26109
28671
13254
701
18405
8052
11296
29375
9453
22647
2827
18788
4875
21298
31192
21832
1726
20798
5768
21497
16553
25788
28302
4524
16001
11681
5846
12591
13098
337
1285
12319
18973
12400
3587
31579
14861
24308
11703
10168
27338
8831
31761
8951
12901
23277
29518
28916
28053
31016
27511
18719
30553
10308
28459
10288
17375
3272
19871
10775
8869
3657
3555
16434
27614
24382
10087
6083
7447
14095
9149
17569
10522
29295
3488
1070
32531
3564
20790
11400
3313
11972
29074
7172
16655
11771
14205
15576
20244
22954
15734
28951
15384
24730
31991
31459
30216
7185
16634
13534
31307
11244
8636
12001
20389
6382
28097
753
22364
29016
9240
30318
14746
5050
25568
15246
28947
7176
29963
26378
14823
9968
20066
28183
26570
24427
15561
16536
26466
2707
4037
21394
28400
1460
28475
12256
8755
27301
15995
22824
11658
20057
12412
8461
7256
19889
29033
15014
28332
23700
2397
8751
12834
2882
23660
11519
8708
13797
27618
21946
4789
21098
15567
6344
11344
20622
1987
29958
14476
16444
5590
25787
2019
12822
28395
25293
12787
1618
15670
20533
13604
7623
2556
19888
14731
8519
14234
23991
31502
21296
23753
25266
7881
7998
25888
19817
30641
23715
6875
4027
32375
30298
32218
10130
176
28088
3053
22038
19250
27460
24142
22305
21441
20936
16495
11507
9707
1960
9206
21544
5936
27251
5638
29671
1638
8376
6593
24155
10844
15899
3083
30055
13246
28071
29840
18325
17976
5734
26632
31056
3294
11823
24506
20052
28108
11968
10814
26466
8457
24845
22920
2104
11954
29399
21026
31168
6228
2687
24505
23688
12697
19741
29403
32626
27687
2765
27647
3757
6853
1353
6086
12003
28607
1213
16512
22708
14988
11990
30962
2148
10415
21532
1111
5584
3547
10115
32676
18599
30554
5180
12304
31958
3760
9681
6868
27460
3963
13937
18991
27328
21661
22409
25518
15672
16541
10388
29610
15659
1355
4147
4626
32608
3747
2944
17515
15577
5364
1951
16660
6403
6722
31127
30671
6191
22248
10336
893
23109
22913
23870
26921
28087
24073
28237
18504
20149
8256
22364
24639
26272
11599
21758
3878
8128
30894
13791
11724
24889
14405
22101
27899
1851
19410
31287
6141
11130
13194
30962
24670
20958
23043
28633
5876
19835
13649
28349
30237
29123
880
21182
24904
25594
9698
17248
15799
8427
24728
1506
18563
2778
22
6859
3552
5049
10963
22981
26018
22431
25054
32686
6400
15221
29895
25325
5528
25587
27837
16898
20916
6347
13044
24673
17868
26659
30282
25985
8012
7753
5161
12848
4246
26018
2223
8233
25163
8932
10764
24552
10695
24965
13100
26813
18666
25716
24983
12064
6942
12038
10901
5444
29589
6707
19349
18927
20691
18946
14799
2440
26989
5954
13609
30066
30224
16763
599
30104
23748
32036
4167
22601
8562
12822
3260
9287
16292
32321
11321
20762
20877
20638
10528
22954
10313
12388
15899
23821
14694
1151
8123
16798
1442
28478
14687
3663
23798
4684
12632
28224
9172
20193
30794
4752
32174
22073
26581
26227
183
7750
13429
18820
22253
3746
13991
17501
28759
31175
20302
27493
10891
13954
27476
25578
4468
28069
27284
16240
7506
28669
28152
8520
4610
10371
20702
25188
25472
32470
20929
10089
17322
15849
11797
7430
15687
21241
13682
20101
71
30915
6133
19103
17228
8947
29668
2709
24170
15839
26256
20348
811
5749
9344
27096
13783
32370
23755
8045
27634
214
27590
9042
29701
14996
8415
21575
2722
11149
7113
13640
16546
5055
1242
21603
5809
12474
9393
5062
29197
28500
7963
2332
20106
26014
21816
26394
20954
10519
13017
9556
9227
21791
27437
23126
12625
21934
26781
31728
14598
19013
29684
31185
19951
5413
22211
26199
11201
27328
32004
8614
1507
30061
23037
15096
13174
24927
5223
31796
23699
25816
15824
21441
3283
6298
6462
4252
20245
13471
13589
9384
13947
1289
23610
24902
30902
11100
8825
25126
32132
32747
4132
6749
1910
10128
12541
14263
23031
12704
2646
20558
138
21022
15479
3675
6995
3119
21312
20045
21721
24782
2576
25368
25866
21953
1765
29904
17792
26828
20676
11638
31490
17188
1371
10258
6222
16678
4581
22017
24085
8777
29518
20113
7240
30034
16791
15563
14482
5319
2685
24464
32294
18341
16213
20456
6842
23125
14907
406
27859
17373
7787
12784
1860
11092
6127
14573
3569
24984
15995
28800
20441
9027
8085
9764
16980
14042
13304
19128
16792
15176
17467
21646
14978
14987
174
1983
