100
864
8238
1789
10072
25251
19359
12354
4873
10834
4237
22730
20920
27307
27276
18668
6453
5584
2186
9200
12147
2680
31919
26729
14732
14052
9096
19141
31748
26645
1637
7714
28754
6460
15615
16227
21404
22386
4702
13955
4803
3497
28922
554
14239
19682
23073
16766
15244
25761
27800
12348
25381
24478
16005
10503
1871
14526
3724
8704
28538
23617
4153
22422
8483
18749
22430
6560
18589
26443
10301
28329
7954
25728
11048
394
29125
12191
20582
3391
11929
25228
24473
15091
6615
12548
31710
9821
4396
12172
7925
31823
32753
1703
20386
26508
26799
26188
5970
16347
10211
