100
408
626
947
1985
2011
2118
2356
3204
3240
3481
4040
4473
4500
4684
4703
4849
4974
5452
5750
6037
6196
7411
8172
8585
10058
10590
10742
11646
11692
12118
12277
12721
12892
13252
13988
14115
15317
15328
16119
16148
16247
16722
16761
16894
17147
17513
18056
19067
19163
19717
19752
19961
20630
20838
21026
21183
21550
21586
21610
21969
22039
22628
22778
22806
22927
22947
23000
23577
23810
23950
24483
25040
25332
25403
25492
25512
25647
26018
26040
26560
26633
26656
27504
27518
27853
28261
28435
28813
29594
29934
30249
30318
30370
30533
31128
31808
31884
32258
32330
32546
