10000
1
3
4
4
9
15
19
26
30
41
46
53
53
57
62
65
65
66
67
70
73
76
77
81
87
88
94
97
105
106
111
120
123
124
125
132
142
142
146
155
157
158
159
167
173
179
184
184
199
200
201
204
209
210
219
220
223
224
225
226
227
227
227
228
229
230
234
236
238
241
245
247
247
249
256
258
259
261
262
262
263
268
269
272
273
275
277
283
294
299
300
300
302
307
307
310
315
316
318
328
330
336
338
339
340
342
345
353
361
362
365
367
371
372
373
376
376
383
384
387
389
392
392
396
400
405
408
412
419
421
422
439
445
450
451
455
455
465
466
468
469
470
470
471
474
477
480
482
483
491
492
494
500
503
505
505
512
512
514
515
523
528
531
534
534
541
544
544
546
546
548
551
554
572
575
575
580
582
587
587
589
592
595
600
606
606
612
614
616
616
617
621
626
627
630
634
641
651
652
673
673
673
691
706
710
713
714
718
720
725
727
728
730
742
747
747
750
750
751
755
757
764
772
778
784
785
792
793
803
804
807
822
825
832
840
840
847
861
863
872
873
877
881
884
885
886
890
893
896
897
899
902
904
905
906
913
917
918
922
927
930
932
934
935
940
940
942
942
944
949
955
957
959
964
967
973
974
978
980
981
983
988
991
996
1009
1013
1014
1015
1015
1018
1020
1025
1028
1029
1030
1036
1036
1040
1041
1043
1043
1045
1047
1047
1050
1050
1051
1053
1060
1060
1063
1063
1064
1065
1066
1072
1072
1075
1076
1078
1080
1081
1090
1093
1094
1094
1094
1099
1100
1103
1104
1106
1115
1116
1117
1118
1129
1138
1150
1151
1156
1156
1163
1169
1171
1176
1185
1185
1188
1190
1202
1212
1212
1215
1216
1227
1232
1232
1236
1236
1238
1245
1246
1246
1248
1250
1252
1256
1257
1258
1258
1262
1263
1269
1273
1279
1280
1284
1287
1287
1289
1290
1301
1303
1309
1313
1318
1320
1322
1323
1324
1325
1325
1326
1329
1330
1331
1331
1344
1347
1352
1352
1359
1359
1361
1369
1370
1372
1373
1373
1376
1377
1387
1389
1393
1398
1401
1405
1405
1408
1413
1417
1421
1437
1449
1450
1455
1459
1460
1463
1465
1466
1471
1476
1477
1482
1483
1487
1490
1491
1491
1494
1495
1498
1501
1502
1502
1507
1507
1513
1517
1519
1520
1527
1530
1533
1534
1539
1541
1546
1550
1553
1567
1569
1572
1575
1575
1576
1578
1579
1582
1587
1587
1588
1594
1598
1600
1601
1604
1612
1613
1616
1617
1618
1619
1619
1621
1627
1627
1628
1639
1640
1642
1644
1656
1657
1657
1663
1663
1664
1666
1677
1680
1683
1683
1687
1689
1690
1691
1691
1695
1699
1709
1713
1714
1714
1723
1728
1730
1730
1733
1734
1738
1743
1748
1761
1762
1764
1774
1774
1774
1782
1789
1791
1792
1795
1797
1798
1798
1799
1805
1806
1806
1810
1813
1814
1824
1826
1827
1828
1830
1833
1834
1838
1849
1851
1852
1855
1864
1868
1890
1891
1893
1901
1901
1902
1911
1923
1925
1927
1929
1932
1933
1943
1945
1947
1949
1949
1953
1957
1958
1958
1958
1960
1969
1969
1972
1980
1984
1990
1993
1996
1996
1999
2004
2005
2009
2013
2014
2015
2017
2018
2021
2023
2029
2030
2031
2034
2042
2044
2047
2049
2050
2063
2067
2077
2083
2086
2094
2095
2101
2101
2108
2110
2124
2125
2129
2134
2146
2155
2155
2162
2165
2166
2167
2171
2174
2175
2183
2187
2190
2192
2194
2194
2196
2196
2198
2198
2204
2205
2206
2207
2208
2209
2209
2214
2222
2225
2228
2230
2233
2243
2245
2246
2256
2257
2263
2263
2276
2279
2284
2285
2287
2289
2290
2291
2296
2301
2305
2305
2309
2326
2328
2328
2330
2331
2333
2338
2346
2350
2351
2354
2354
2354
2357
2357
2362
2377
2379
2382
2390
2390
2393
2394
2400
2401
2402
2408
2410
2412
2413
2418
2420
2421
2421
2425
2434
2434
2436
2436
2437
2443
2447
2448
2449
2454
2457
2458
2465
2468
2469
2470
2473
2479
2486
2487
2488
2488
2489
2491
2493
2495
2498
2501
2502
2504
2509
2514
2517
2521
2531
2541
2541
2548
2553
2556
2559
2564
2566
2567
2569
2586
2589
2595
2597
2599
2600
2610
2610
2610
2611
2617
2620
2622
2625
2632
2634
2636
2638
2642
2642
2642
2648
2653
2656
2657
2658
2660
2660
2669
2671
2673
2674
2677
2684
2696
2697
2698
2700
2706
2710
2712
2713
2714
2717
2733
2738
2740
2741
2745
2746
2754
2758
2759
2762
2763
2764
2769
2772
2778
2784
2786
2788
2791
2795
2799
2808
2808
2812
2814
2820
2822
2823
2827
2829
2831
2834
2836
2840
2840
2844
2845
2850
2853
2854
2855
2855
2857
2867
2868
2881
2881
2884
2885
2886
2887
2890
2891
2895
2904
2908
2910
2913
2916
2918
2927
2934
2936
2947
2952
2953
2954
2955
2955
2956
2962
2962
2964
2965
2966
2974
2975
2977
2981
2983
2989
2992
2996
2996
3000
3000
3005
3006
3006
3006
3012
3014
3020
3020
3023
3024
3025
3026
3041
3043
3044
3045
3048
3055
3055
3063
3081
3081
3082
3086
3090
3091
3099
3101
3101
3104
3105
3105
3110
3110
3111
3113
3114
3116
3122
3123
3123
3128
3136
3138
3140
3142
3146
3148
3150
3151
3157
3159
3163
3163
3164
3166
3167
3169
3172
3175
3176
3186
3188
3190
3191
3192
3192
3196
3198
3199
3199
3200
3200
3200
3204
3207
3211
3212
3217
3222
3224
3226
3226
3237
3244
3253
3254
3255
3256
3257
3258
3258
3259
3263
3270
3271
3271
3274
3278
3282
3284
3288
3290
3292
3293
3294
3300
3304
3332
3334
3340
3340
3340
3341
3341
3346
3350
3351
3352
3354
3357
3362
3366
3370
3375
3377
3383
3387
3389
3390
3392
3394
3395
3396
3398
3398
3403
3406
3414
3415
3420
3421
3422
3424
3425
3428
3429
3438
3443
3444
3447
3455
3455
3457
3458
3460
3462
3465
3465
3467
3468
3472
3488
3493
3494
3494
3498
3498
3501
3502
3514
3516
3516
3517
3520
3521
3522
3523
3525
3525
3529
3531
3536
3538
3539
3543
3543
3545
3545
3547
3556
3557
3559
3567
3572
3579
3588
3590
3592
3594
3596
3597
3598
3598
3598
3602
3603
3605
3608
3615
3617
3618
3634
3640
3640
3641
3642
3650
3653
3655
3656
3657
3657
3660
3660
3661
3666
3669
3670
3673
3674
3690
3691
3692
3692
3697
3703
3705
3705
3711
3717
3718
3721
3722
3726
3729
3730
3732
3737
3741
3752
3752
3758
3761
3761
3763
3771
3773
3777
3782
3782
3784
3785
3785
3791
3797
3801
3805
3805
3807
3809
3813
3821
3823
3829
3840
3845
3847
3854
3854
3861
3862
3863
3863
3867
3869
3871
3884
3888
3890
3896
3907
3910
3913
3916
3917
3920
3923
3925
3927
3927
3932
3934
3940
3940
3951
3953
3959
3960
3960
3970
3971
3971
3972
3976
3977
3980
3982
3983
3983
3990
3990
3998
3999
4002
4004
4005
4009
4009
4012
4014
4015
4016
4017
4019
4028
4033
4037
4041
4043
4047
4052
4052
4053
4054
4061
4062
4063
4068
4069
4070
4073
4077
4078
4079
4080
4085
4090
4091
4092
4097
4100
4103
4106
4108
4114
4122
4124
4125
4127
4127
4131
4137
4137
4141
4154
4160
4171
4177
4179
4182
4184
4197
4197
4205
4222
4224
4228
4228
4228
4230
4230
4232
4239
4251
4253
4257
4259
4264
4265
4268
4269
4269
4275
4276
4277
4277
4277
4287
4288
4301
4302
4306
4312
4313
4319
4320
4322
4323
4324
4324
4325
4329
4330
4338
4339
4339
4357
4364
4365
4367
4371
4372
4375
4376
4378
4383
4389
4393
4394
4400
4409
4409
4410
4411
4415
4416
4417
4423
4424
4428
4431
4434
4436
4441
4444
4445
4445
4448
4455
4458
4462
4463
4467
4467
4467
4468
4472
4473
4476
4477
4481
4494
4500
4502
4502
4504
4504
4509
4516
4516
4519
4532
4533
4539
4541
4542
4543
4544
4546
4550
4552
4562
4562
4571
4575
4576
4577
4578
4579
4579
4582
4584
4587
4589
4594
4599
4599
4600
4604
4611
4611
4621
4622
4623
4625
4632
4633
4634
4636
4638
4640
4640
4644
4644
4656
4659
4660
4666
4672
4672
4673
4680
4680
4681
4689
4698
4698
4703
4704
4705
4708
4709
4711
4715
4717
4735
4739
4740
4742
4752
4767
4769
4770
4775
4775
4777
4788
4792
4793
4795
4799
4799
4805
4812
4824
4825
4827
4832
4834
4837
4840
4841
4842
4845
4846
4849
4856
4856
4857
4865
4866
4867
4871
4872
4872
4880
4887
4888
4889
4901
4904
4905
4905
4908
4909
4911
4914
4920
4925
4927
4929
4943
4950
4950
4961
4971
4977
4977
4982
4989
4989
4991
4995
4998
5001
5003
5005
5006
5009
5011
5011
5012
5012
5015
5016
5017
5021
5021
5028
5030
5033
5034
5035
5042
5042
5049
5052
5054
5058
5059
5064
5069
5073
5074
5074
5080
5080
5081
5084
5085
5087
5087
5088
5092
5093
5095
5095
5100
5103
5103
5105
5107
5110
5111
5116
5123
5124
5124
5125
5130
5131
5135
5140
5140
5142
5144
5144
5151
5151
5157
5167
5171
5177
5181
5182
5184
5184
5188
5189
5189
5193
5194
5195
5198
5199
5207
5208
5218
5220
5223
5226
5227
5228
5229
5230
5230
5236
5241
5246
5248
5249
5253
5254
5257
5262
5268
5271
5273
5274
5275
5277
5280
5284
5285
5286
5288
5291
5292
5295
5295
5302
5305
5315
5317
5329
5330
5332
5333
5334
5344
5345
5348
5348
5349
5356
5358
5361
5363
5370
5375
5376
5380
5381
5389
5394
5394
5404
5405
5408
5420
5426
5428
5434
5436
5442
5443
5451
5457
5461
5463
5469
5471
5473
5475
5478
5479
5485
5487
5488
5489
5494
5495
5495
5496
5498
5502
5505
5509
5514
5518
5521
5540
5541
5544
5553
5556
5557
5570
5570
5571
5576
5577
5578
5584
5590
5591
5592
5595
5605
5608
5616
5625
5629
5630
5632
5632
5641
5642
5644
5647
5649
5654
5660
5660
5667
5674
5676
5683
5686
5687
5688
5691
5692
5695
5701
5706
5708
5711
5712
5713
5717
5718
5723
5723
5724
5731
5746
5746
5752
5754
5756
5762
5771
5771
5784
5785
5787
5793
5794
5795
5798
5805
5810
5817
5819
5821
5822
5825
5827
5829
5836
5845
5847
5851
5856
5862
5863
5869
5877
5879
5879
5888
5891
5892
5897
5900
5900
5909
5910
5910
5912
5912
5921
5924
5932
5933
5933
5936
5939
5944
5947
5949
5957
5962
5965
5971
5974
5983
5986
5988
5992
5996
6002
6004
6007
6009
6011
6014
6018
6022
6024
6026
6027
6029
6031
6031
6042
6045
6050
6051
6053
6063
6064
6066
6067
6072
6073
6081
6081
6081
6085
6086
6088
6089
6095
6097
6100
6104
6112
6114
6114
6115
6120
6125
6127
6127
6132
6132
6135
6139
6140
6144
6145
6146
6151
6154
6157
6158
6164
6166
6170
6171
6177
6177
6182
6193
6199
6200
6200
6204
6205
6214
6215
6220
6221
6222
6228
6238
6239
6253
6257
6261
6262
6265
6266
6272
6277
6277
6285
6286
6292
6292
6296
6298
6308
6312
6312
6314
6317
6328
6332
6332
6333
6333
6333
6334
6335
6340
6341
6343
6343
6346
6348
6349
6351
6353
6354
6355
6356
6362
6375
6375
6377
6378
6380
6383
6390
6394
6401
6403
6406
6407
6414
6417
6420
6422
6422
6422
6427
6427
6428
6430
6445
6447
6451
6456
6456
6456
6459
6465
6466
6474
6477
6482
6486
6486
6487
6488
6489
6492
6493
6493
6498
6500
6500
6500
6502
6503
6521
6526
6526
6527
6531
6534
6542
6548
6549
6554
6555
6562
6563
6566
6568
6572
6572
6573
6575
6582
6585
6585
6587
6592
6593
6596
6596
6597
6598
6599
6599
6605
6607
6607
6608
6613
6613
6615
6615
6624
6625
6638
6644
6644
6648
6649
6656
6659
6659
6662
6662
6667
6669
6675
6677
6681
6681
6683
6683
6686
6688
6691
6696
6697
6698
6699
6715
6715
6719
6723
6725
6727
6731
6748
6757
6759
6761
6765
6766
6769
6771
6773
6787
6793
6795
6800
6802
6802
6803
6804
6806
6807
6807
6810
6810
6811
6812
6813
6813
6819
6821
6823
6830
6832
6834
6838
6841
6845
6846
6850
6852
6856
6857
6871
6874
6876
6880
6882
6884
6885
6886
6887
6887
6887
6889
6889
6891
6892
6895
6897
6898
6898
6901
6903
6904
6907
6910
6912
6914
6914
6915
6921
6922
6924
6925
6925
6931
6944
6950
6950
6958
6961
6967
6967
6968
6969
6969
6970
6972
6980
6981
6982
6985
6988
6989
6994
6995
6999
7003
7008
7018
7018
7020
7032
7034
7034
7035
7037
7040
7040
7042
7052
7052
7053
7059
7059
7072
7073
7074
7076
7079
7081
7083
7089
7089
7092
7095
7095
7097
7098
7098
7098
7105
7111
7129
7129
7130
7138
7138
7139
7140
7141
7141
7144
7151
7153
7153
7154
7156
7157
7161
7162
7173
7173
7176
7180
7180
7186
7199
7199
7204
7217
7222
7226
7230
7236
7237
7237
7243
7249
7251
7252
7255
7262
7263
7269
7272
7274
7276
7280
7282
7282
7286
7286
7286
7294
7296
7296
7299
7301
7303
7304
7306
7308
7309
7311
7312
7314
7315
7317
7324
7327
7330
7332
7334
7341
7343
7344
7350
7354
7355
7362
7364
7366
7373
7378
7380
7382
7383
7385
7390
7392
7393
7400
7406
7409
7411
7412
7413
7421
7425
7428
7433
7433
7434
7434
7436
7437
7437
7438
7450
7454
7454
7455
7460
7461
7471
7474
7475
7478
7479
7480
7480
7481
7495
7508
7510
7513
7514
7516
7522
7523
7523
7527
7535
7537
7538
7539
7541
7552
7553
7554
7563
7565
7570
7575
7580
7580
7583
7592
7595
7596
7598
7598
7602
7605
7606
7612
7614
7621
7627
7628
7628
7630
7632
7638
7643
7646
7647
7649
7651
7652
7657
7657
7659
7661
7665
7666
7666
7671
7672
7675
7678
7678
7682
7684
7691
7691
7695
7696
7698
7699
7708
7712
7715
7717
7719
7721
7722
7723
7723
7725
7726
7733
7736
7737
7739
7743
7753
7765
7775
7778
7780
7783
7792
7797
7797
7799
7806
7808
7811
7814
7822
7825
7825
7831
7834
7834
7839
7839
7839
7842
7844
7846
7851
7853
7855
7856
7858
7859
7868
7870
7872
7876
7878
7879
7880
7883
7896
7903
7909
7911
7915
7916
7920
7921
7921
7923
7924
7932
7932
7933
7936
7938
7940
7950
7951
7958
7958
7970
7976
7976
7979
7981
7983
7996
7998
8000
8000
8001
8003
8003
8003
8007
8008
8015
8015
8022
8022
8031
8033
8045
8046
8052
8055
8062
8063
8065
8067
8074
8079
8082
8087
8089
8091
8093
8097
8105
8109
8116
8117
8134
8140
8143
8146
8147
8155
8164
8166
8168
8175
8176
8181
8186
8189
8191
8194
8198
8200
8201
8209
8210
8210
8210
8213
8214
8219
8225
8226
8235
8236
8245
8246
8251
8251
8256
8263
8264
8267
8270
8277
8281
8281
8283
8285
8296
8300
8303
8304
8306
8307
8314
8316
8318
8321
8330
8342
8350
8357
8358
8359
8361
8363
8366
8367
8382
8385
8385
8388
8391
8393
8393
8396
8402
8403
8407
8407
8413
8417
8421
8422
8424
8424
8431
8431
8432
8434
8436
8438
8444
8444
8445
8455
8459
8460
8462
8463
8463
8465
8465
8465
8470
8470
8480
8481
8485
8485
8489
8489
8495
8495
8500
8500
8504
8505
8508
8510
8514
8521
8522
8523
8525
8526
8528
8533
8535
8542
8542
8546
8547
8547
8549
8550
8563
8563
8580
8581
8583
8584
8587
8588
8589
8590
8591
8598
8607
8610
8612
8613
8617
8617
8623
8635
8635
8636
8638
8639
8641
8641
8644
8646
8646
8652
8654
8658
8661
8664
8671
8676
8682
8683
8686
8691
8694
8702
8706
8711
8717
8717
8731
8733
8734
8738
8744
8752
8753
8760
8767
8767
8768
8768
8776
8779
8780
8781
8783
8784
8785
8790
8791
8791
8805
8809
8812
8815
8817
8818
8820
8821
8822
8826
8831
8843
8845
8849
8850
8851
8856
8857
8857
8858
8861
8863
8865
8865
8865
8865
8869
8879
8884
8888
8890
8896
8914
8915
8915
8915
8916
8917
8920
8920
8925
8930
8933
8933
8937
8940
8941
8942
8944
8956
8959
8960
8961
8962
8967
8967
8967
8969
8983
8989
8999
9001
9006
9008
9009
9011
9013
9015
9019
9019
9023
9025
9026
9027
9031
9033
9037
9046
9051
9052
9055
9056
9056
9058
9067
9075
9075
9079
9089
9090
9092
9092
9094
9100
9100
9100
9107
9111
9111
9115
9119
9119
9120
9124
9127
9128
9129
9130
9139
9144
9144
9146
9151
9153
9163
9165
9170
9172
9179
9185
9191
9208
9213
9213
9213
9218
9220
9220
9223
9224
9225
9231
9236
9241
9241
9242
9243
9245
9246
9248
9254
9256
9265
9266
9268
9271
9276
9278
9286
9291
9297
9298
9302
9303
9307
9307
9310
9317
9318
9319
9322
9325
9326
9330
9331
9341
9348
9349
9356
9359
9359
9363
9364
9372
9374
9378
9380
9381
9381
9387
9398
9399
9399
9403
9407
9409
9413
9414
9416
9422
9424
9426
9428
9430
9432
9433
9437
9438
9439
9441
9442
9444
9450
9453
9453
9456
9460
9465
9465
9466
9471
9471
9473
9475
9475
9478
9480
9486
9490
9503
9504
9505
9505
9509
9516
9521
9524
9525
9530
9536
9541
9545
9546
9552
9552
9554
9555
9557
9562
9562
9567
9567
9567
9571
9576
9582
9587
9599
9601
9601
9606
9607
9607
9609
9613
9613
9621
9624
9625
9626
9628
9632
9633
9634
9639
9642
9643
9645
9648
9652
9654
9657
9659
9665
9666
9671
9681
9685
9687
9690
9694
9694
9707
9710
9712
9712
9714
9716
9717
9717
9718
9720
9725
9734
9735
9736
9747
9748
9751
9753
9754
9756
9759
9761
9762
9773
9779
9782
9795
9800
9800
9802
9803
9805
9807
9809
9813
9813
9818
9824
9829
9830
9832
9841
9842
9843
9844
9845
9846
9853
9854
9854
9854
9856
9858
9864
9865
9867
9872
9876
9878
9882
9892
9897
9899
9900
9902
9904
9919
9919
9919
9930
9931
9937
9939
9941
9946
9950
9958
9961
9963
9983
9987
9989
9990
9993
9995
9996
10004
10004
10015
10019
10022
10026
10029
10030
10035
10043
10046
10053
10054
10054
10059
10067
10078
10081
10082
10084
10087
10089
10092
10093
10095
10099
10099
10104
10108
10109
10110
10111
10117
10122
10123
10127
10127
10128
10129
10130
10131
10134
10136
10139
10143
10146
10147
10149
10151
10152
10153
10183
10185
10188
10191
10204
10209
10209
10211
10219
10219
10222
10229
10235
10235
10236
10237
10239
10241
10244
10246
10247
10247
10247
10252
10255
10258
10258
10261
10266
10266
10271
10274
10280
10283
10288
10289
10289
10293
10293
10295
10298
10298
10302
10305
10307
10309
10312
10321
10329
10329
10336
10337
10337
10343
10343
10351
10353
10358
10363
10369
10376
10378
10380
10391
10391
10392
10397
10398
10400
10400
10404
10405
10410
10413
10415
10416
10417
10417
10419
10427
10435
10438
10441
10452
10455
10456
10460
10460
10472
10480
10482
10487
10490
10491
10493
10496
10497
10498
10499
10499
10500
10504
10510
10511
10515
10517
10523
10523
10525
10529
10536
10539
10550
10552
10556
10558
10566
10569
10570
10574
10575
10578
10579
10580
10584
10590
10591
10592
10592
10597
10600
10605
10605
10613
10613
10615
10616
10619
10623
10627
10636
10636
10640
10641
10642
10643
10647
10649
10650
10650
10657
10658
10658
10660
10661
10667
10668
10669
10671
10674
10678
10680
10680
10684
10690
10692
10694
10706
10706
10709
10712
10715
10720
10724
10724
10731
10731
10734
10745
10747
10751
10752
10752
10752
10763
10763
10764
10767
10768
10773
10783
10783
10783
10784
10790
10792
10793
10798
10798
10799
10801
10802
10803
10805
10807
10809
10815
10815
10816
10817
10823
10824
10824
10826
10826
10830
10834
10834
10834
10837
10840
10840
10842
10846
10846
10846
10864
10870
10873
10875
10875
10876
10883
10885
10891
10896
10896
10897
10897
10898
10900
10904
10912
10912
10913
10914
10918
10922
10925
10925
10925
10926
10930
10933
10935
10936
10938
10938
10939
10944
10945
10947
10947
10952
10958
10963
10964
10965
10967
10970
10976
10978
10980
10991
10997
11001
11006
11008
11015
11021
11021
11022
11025
11031
11033
11049
11050
11057
11059
11067
11068
11069
11070
11072
11080
11080
11083
11085
11085
11086
11087
11088
11091
11091
11098
11099
11102
11104
11106
11111
11114
11124
11126
11132
11133
11145
11146
11147
11156
11156
11157
11157
11158
11162
11162
11164
11164
11167
11169
11176
11178
11178
11181
11182
11183
11189
11189
11196
11197
11198
11200
11202
11203
11203
11208
11210
11211
11217
11221
11224
11226
11226
11227
11236
11246
11249
11255
11256
11258
11264
11269
11274
11275
11281
11290
11293
11295
11295
11299
11300
11302
11306
11318
11319
11319
11322
11329
11329
11332
11332
11333
11334
11335
11354
11361
11375
11377
11377
11380
11384
11389
11395
11399
11400
11402
11405
11406
11409
11417
11417
11423
11424
11439
11449
11449
11450
11451
11452
11453
11457
11460
11469
11469
11475
11477
11477
11478
11478
11482
11484
11485
11495
11497
11498
11499
11502
11507
11511
11514
11520
11520
11521
11521
11524
11527
11532
11533
11533
11534
11551
11559
11563
11564
11567
11582
11588
11590
11593
11593
11594
11596
11597
11601
11603
11604
11605
11607
11614
11615
11615
11616
11622
11627
11629
11631
11631
11637
11642
11647
11657
11661
11662
11666
11670
11670
11684
11685
11702
11704
11706
11708
11711
11714
11715
11715
11717
11717
11719
11731
11734
11736
11738
11741
11757
11759
11760
11760
11761
11766
11775
11776
11778
11783
11783
11787
11788
11791
11795
11805
11817
11819
11823
11823
11827
11827
11830
11831
11836
11838
11840
11842
11847
11848
11851
11852
11861
11861
11865
11873
11876
11883
11884
11885
11887
11888
11894
11902
11904
11905
11906
11908
11910
11917
11919
11931
11934
11939
11940
11941
11943
11943
11943
11946
11948
11948
11952
11954
11955
11957
11959
11962
11964
11966
11967
11972
11973
11975
11979
11980
11992
11993
11993
11999
12003
12007
12007
12008
12014
12022
12028
12032
12039
12043
12054
12056
12056
12062
12065
12069
12069
12071
12071
12075
12075
12081
12093
12094
12100
12102
12103
12107
12112
12117
12122
12123
12124
12131
12131
12131
12136
12136
12142
12145
12147
12149
12153
12158
12172
12173
12178
12179
12180
12185
12186
12188
12191
12194
12195
12199
12200
12205
12208
12213
12214
12220
12223
12228
12228
12230
12236
12237
12240
12240
12240
12241
12241
12246
12246
12246
12247
12248
12249
12253
12255
12255
12255
12260
12263
12266
12267
12268
12274
12275
12276
12282
12285
12289
12291
12292
12293
12296
12300
12306
12306
12306
12312
12317
12317
12323
12325
12327
12334
12337
12340
12342
12354
12355
12355
12375
12377
12380
12380
12391
12397
12406
12407
12409
12412
12413
12413
12413
12414
12418
12419
12428
12436
12440
12444
12450
12451
12452
12461
12464
12474
12474
12480
12482
12482
12483
12490
12492
12494
12496
12497
12502
12503
12507
12507
12508
12514
12514
12516
12519
12523
12526
12529
12530
12530
12536
12537
12539
12543
12543
12548
12556
12559
12564
12576
12577
12579
12583
12585
12588
12589
12591
12591
12593
12593
12593
12595
12601
12602
12605
12607
12613
12614
12615
12616
12619
12624
12629
12630
12633
12640
12642
12642
12643
12652
12658
12663
12668
12669
12669
12671
12674
12680
12681
12685
12687
12689
12692
12697
12701
12706
12708
12714
12715
12719
12719
12730
12735
12736
12741
12760
12761
12766
12768
12772
12773
12773
12776
12779
12780
12783
12788
12788
12789
12792
12793
12794
12798
12800
12804
12806
12808
12810
12813
12815
12816
12821
12823
12824
12841
12845
12851
12858
12864
12868
12870
12873
12873
12879
12880
12881
12882
12884
12889
12890
12895
12895
12909
12909
12910
12910
12914
12914
12917
12919
12930
12931
12935
12935
12937
12938
12948
12950
12950
12951
12964
12984
12987
12987
12993
12993
12996
12998
13010
13011
13014
13014
13018
13020
13024
13031
13034
13035
13035
13035
13036
13036
13046
13046
13047
13050
13051
13062
13067
13067
13072
13082
13085
13087
13090
13093
13093
13098
13100
13101
13105
13111
13114
13114
13122
13126
13130
13130
13142
13147
13151
13159
13162
13170
13173
13174
13178
13181
13181
13183
13184
13190
13197
13197
13200
13204
13208
13209
13210
13211
13214
13217
13217
13219
13219
13223
13235
13241
13241
13245
13246
13258
13261
13262
13267
13271
13273
13276
13276
13277
13279
13284
13286
13289
13298
13299
13300
13301
13304
13306
13308
13309
13315
13318
13320
13324
13329
13331
13332
13333
13333
13334
13343
13345
13346
13347
13359
13367
13368
13371
13375
13382
13382
13384
13384
13385
13387
13392
13394
13400
13403
13406
13406
13406
13408
13419
13421
13421
13424
13424
13434
13437
13439
13439
13443
13448
13450
13453
13455
13457
13459
13459
13462
13464
13464
13465
13470
13471
13473
13473
13477
13479
13483
13487
13488
13488
13490
13491
13492
13495
13497
13500
13503
13510
13513
13513
13520
13523
13524
13534
13534
13541
13545
13548
13549
13550
13551
13558
13560
13573
13575
13578
13587
13587
13587
13589
13592
13592
13599
13601
13604
13607
13609
13610
13613
13615
13618
13621
13623
13623
13624
13626
13630
13637
13639
13649
13657
13661
13661
13664
13664
13665
13672
13673
13680
13687
13697
13697
13703
13707
13708
13714
13716
13719
13727
13729
13737
13738
13739
13740
13740
13746
13751
13758
13763
13767
13770
13771
13775
13775
13777
13779
13782
13784
13789
13789
13791
13793
13799
13806
13811
13811
13816
13817
13819
13819
13833
13835
13840
13841
13842
13847
13856
13858
13859
13873
13878
13878
13878
13882
13884
13885
13892
13894
13894
13900
13903
13906
13909
13912
13920
13923
13926
13934
13938
13945
13946
13946
13951
13952
13954
13956
13956
13957
13958
13960
13965
13966
13966
13970
13976
13977
13978
13979
13983
13988
13989
13991
13992
13997
13998
14005
14008
14011
14012
14013
14015
14017
14021
14024
14031
14038
14043
14050
14062
14066
14074
14078
14082
14082
14084
14090
14104
14107
14111
14111
14113
14115
14117
14119
14120
14122
14126
14137
14139
14151
14152
14154
14158
14159
14162
14163
14172
14182
14186
14194
14197
14204
14206
14207
14208
14212
14218
14218
14219
14223
14228
14230
14235
14235
14244
14244
14274
14281
14282
14282
14284
14286
14287
14290
14291
14293
14293
14300
14302
14303
14310
14313
14314
14315
14317
14323
14327
14328
14332
14338
14347
14364
14372
14373
14375
14376
14379
14385
14395
14396
14398
14406
14406
14417
14425
14427
14427
14429
14431
14435
14435
14441
14442
14446
14453
14454
14455
14461
14465
14466
14473
14473
14474
14482
14487
14487
14489
14489
14494
14496
14499
14503
14509
14512
14514
14519
14520
14520
14533
14536
14538
14540
14541
14543
14547
14549
14550
14556
14560
14568
14568
14569
14580
14588
14590
14592
14592
14597
14599
14601
14603
14603
14606
14612
14624
14626
14628
14630
14630
14632
14633
14639
14647
14652
14653
14659
14662
14669
14672
14672
14674
14680
14681
14685
14702
14703
14703
14709
14711
14715
14719
14721
14722
14728
14733
14737
14738
14742
14743
14747
14748
14755
14756
14756
14756
14756
14763
14766
14767
14767
14772
14773
14777
14778
14784
14785
14788
14788
14789
14794
14798
14800
14802
14815
14817
14821
14823
14823
14824
14828
14829
14831
14834
14835
14837
14846
14851
14852
14855
14858
14859
14866
14866
14869
14874
14875
14877
14880
14881
14884
14888
14894
14897
14897
14898
14912
14914
14916
14920
14921
14923
14935
14943
14945
14945
14948
14951
14951
14953
14955
14956
14958
14960
14966
14974
14975
14976
14980
14981
14986
14993
14993
15003
15003
15009
15009
15013
15013
15014
15015
15018
15023
15029
15031
15040
15042
15042
15045
15055
15057
15057
15064
15069
15074
15075
15078
15078
15079
15083
15086
15089
15092
15095
15096
15103
15106
15112
15117
15120
15121
15124
15128
15133
15134
15135
15135
15137
15137
15138
15140
15141
15142
15143
15143
15144
15145
15147
15155
15155
15160
15166
15173
15174
15176
15177
15179
15182
15185
15186
15187
15187
15188
15190
15191
15193
15203
15205
15213
15215
15215
15215
15218
15223
15229
15231
15231
15235
15239
15241
15243
15246
15250
15255
15260
15263
15263
15264
15267
15271
15273
15274
15275
15278
15279
15289
15293
15296
15303
15307
15308
15316
15319
15319
15321
15324
15325
15327
15332
15338
15338
15342
15347
15352
15354
15364
15370
15372
15377
15379
15382
15393
15394
15394
15401
15405
15408
15414
15415
15424
15430
15432
15432
15436
15441
15445
15446
15456
15461
15471
15473
15496
15498
15499
15509
15510
15513
15514
15517
15518
15524
15525
15536
15538
15540
15544
15548
15557
15561
15567
15568
15572
15574
15581
15582
15590
15597
15609
15615
15622
15622
15623
15623
15626
15627
15631
15631
15641
15647
15651
15651
15653
15656
15657
15663
15669
15683
15696
15701
15704
15714
15714
15714
15718
15723
15724
15727
15734
15734
15735
15736
15746
15750
15750
15751
15756
15757
15765
15765
15767
15768
15772
15777
15778
15779
15783
15785
15787
15787
15790
15791
15793
15796
15799
15799
15806
15808
15809
15813
15820
15820
15829
15830
15830
15830
15831
15833
15834
15841
15846
15862
15865
15868
15871
15872
15875
15876
15877
15879
15883
15884
15886
15889
15889
15903
15905
15907
15907
15912
15916
15918
15923
15925
15925
15927
15929
15929
15930
15932
15938
15945
15947
15948
15948
15949
15952
15955
15960
15968
15974
15975
15977
15996
15997
15999
16003
16007
16011
16013
16016
16017
16025
16026
16027
16036
16040
16041
16042
16047
16053
16055
16056
16060
16063
16065
16067
16076
16078
16082
16083
16088
16095
16098
16099
16103
16107
16107
16108
16109
16120
16122
16122
16125
16125
16129
16140
16141
16141
16144
16153
16155
16160
16163
16165
16167
16177
16181
16182
16193
16194
16198
16199
16201
16212
16213
16218
16218
16221
16222
16223
16224
16232
16235
16238
16240
16240
16243
16247
16249
16252
16255
16258
16264
16267
16269
16280
16285
16288
16289
16290
16294
16296
16305
16305
16309
16314
16318
16321
16323
16325
16327
16337
16338
16340
16353
16354
16357
16359
16363
16364
16368
16372
16373
16388
16390
16392
16392
16394
16394
16395
16399
16403
16408
16414
16415
16419
16422
16423
16425
16427
16427
16429
16430
16431
16435
16438
16441
16441
16442
16443
16443
16445
16445
16447
16448
16451
16454
16455
16455
16459
16460
16462
16466
16466
16474
16477
16479
16482
16483
16484
16490
16491
16491
16495
16497
16499
16507
16514
16520
16521
16522
16529
16533
16536
16538
16546
16547
16548
16549
16552
16555
16556
16561
16563
16563
16576
16583
16588
16596
16597
16598
16603
16608
16608
16610
16611
16611
16613
16616
16622
16623
16624
16627
16627
16628
16633
16634
16636
16637
16638
16642
16644
16647
16664
16664
16665
16668
16669
16669
16671
16673
16682
16684
16692
16695
16695
16696
16702
16709
16714
16716
16718
16718
16735
16741
16742
16744
16747
16749
16757
16760
16761
16770
16782
16784
16785
16785
16787
16793
16794
16796
16799
16804
16806
16817
16817
16820
16820
16821
16827
16829
16831
16833
16839
16839
16841
16846
16847
16848
16852
16859
16861
16861
16863
16864
16865
16869
16870
16870
16872
16882
16885
16889
16891
16893
16900
16901
16901
16902
16904
16904
16904
16910
16913
16927
16944
16945
16949
16949
16955
16963
16965
16966
16967
16968
16972
16974
16975
16977
16982
16985
16987
16991
16996
16997
17000
17000
17003
17006
17010
17017
17030
17036
17039
17045
17048
17054
17055
17059
17059
17060
17064
17069
17072
17076
17082
17085
17089
17090
17096
17097
17099
17100
17101
17105
17106
17111
17116
17118
17119
17121
17127
17129
17134
17135
17137
17138
17139
17142
17149
17151
17160
17161
17164
17165
17167
17175
17176
17181
17184
17184
17186
17187
17188
17197
17199
17204
17205
17209
17215
17216
17218
17219
17221
17223
17225
17226
17232
17234
17235
17239
17241
17245
17253
17253
17262
17262
17263
17263
17268
17269
17273
17276
17276
17281
17285
17285
17287
17289
17289
17295
17295
17298
17299
17299
17300
17300
17305
17309
17309
17311
17324
17333
17335
17335
17336
17336
17350
17351
17353
17354
17354
17358
17359
17362
17373
17377
17383
17394
17394
17401
17402
17402
17403
17405
17406
17406
17412
17414
17423
17426
17427
17432
17440
17440
17442
17443
17445
17448
17449
17451
17452
17453
17461
17463
17463
17466
17470
17472
17473
17473
17482
17485
17488
17490
17494
17495
17498
17502
17505
17508
17510
17513
17514
17516
17517
17517
17518
17520
17521
17522
17532
17533
17534
17534
17535
17536
17538
17538
17545
17545
17557
17558
17563
17567
17569
17572
17583
17591
17593
17593
17594
17602
17604
17609
17619
17624
17635
17639
17640
17641
17643
17645
17647
17658
17664
17665
17666
17666
17668
17669
17674
17676
17678
17684
17686
17689
17689
17690
17691
17691
17694
17695
17698
17704
17708
17715
17715
17715
17720
17721
17726
17728
17730
17732
17734
17735
17753
17753
17758
17764
17764
17764
17765
17766
17766
17767
17772
17774
17777
17782
17784
17787
17789
17792
17795
17802
17804
17805
17805
17806
17808
17811
17812
17814
17815
17818
17826
17829
17837
17838
17842
17845
17846
17847
17848
17854
17858
17860
17862
17868
17869
17870
17875
17879
17880
17884
17896
17898
17899
17902
17903
17904
17908
17911
17923
17926
17928
17936
17944
17946
17946
17946
17947
17948
17949
17954
17957
17957
17962
17965
17965
17970
17973
17975
17980
17983
17984
17984
17984
17984
17987
17987
17999
18001
18002
18010
18010
18011
18012
18019
18019
18025
18028
18030
18033
18053
18056
18057
18058
18063
18063
18066
18066
18073
18076
18077
18084
18097
18098
18099
18101
18107
18114
18124
18127
18135
18135
18136
18139
18151
18152
18156
18168
18168
18174
18175
18182
18185
18189
18190
18191
18194
18196
18201
18201
18202
18203
18208
18218
18222
18223
18225
18227
18228
18228
18236
18238
18242
18248
18251
18255
18256
18268
18269
18286
18287
18290
18297
18303
18304
18305
18306
18310
18312
18313
18318
18319
18326
18326
18330
18337
18345
18348
18352
18354
18369
18370
18376
18377
18379
18381
18383
18388
18392
18393
18397
18398
18398
18403
18405
18406
18409
18410
18411
18415
18415
18419
18420
18422
18424
18424
18424
18426
18427
18433
18440
18442
18443
18455
18456
18467
18469
18471
18480
18486
18486
18497
18497
18498
18501
18507
18507
18510
18513
18514
18526
18526
18530
18543
18544
18548
18550
18555
18558
18560
18566
18567
18572
18573
18577
18578
18579
18589
18590
18595
18596
18596
18605
18605
18609
18611
18617
18617
18618
18618
18621
18629
18630
18630
18631
18638
18642
18642
18646
18648
18650
18652
18652
18657
18660
18660
18662
18663
18664
18665
18666
18667
18669
18670
18680
18694
18695
18696
18698
18699
18702
18704
18705
18706
18712
18713
18715
18717
18718
18718
18719
18720
18720
18723
18724
18726
18729
18731
18732
18732
18737
18739
18740
18742
18742
18744
18749
18751
18752
18753
18753
18754
18773
18775
18780
18781
18783
18785
18785
18787
18788
18789
18792
18794
18796
18804
18806
18808
18810
18813
18814
18815
18827
18829
18832
18835
18840
18844
18846
18857
18862
18867
18868
18869
18873
18874
18876
18890
18891
18891
18893
18893
18893
18898
18899
18903
18903
18903
18903
18905
18908
18909
18913
18916
18920
18923
18924
18925
18937
18939
18940
18940
18940
18943
18954
18955
18958
18966
18967
18967
18969
18979
18981
18987
18990
18999
19011
19016
19020
19023
19023
19040
19040
19040
19041
19042
19052
19060
19061
19070
19071
19076
19079
19080
19080
19081
19081
19084
19085
19088
19090
19096
19099
19099
19101
19101
19104
19105
19108
19109
19116
19116
19117
19119
19119
19119
19121
19122
19131
19136
19137
19144
19146
19151
19154
19155
19157
19168
19171
19184
19187
19190
19200
19200
19201
19208
19209
19210
19213
19215
19219
19220
19221
19221
19229
19230
19231
19232
19232
19250
19253
19254
19269
19280
19284
19284
19289
19289
19298
19304
19305
19305
19306
19307
19308
19313
19315
19315
19322
19322
19325
19329
19329
19331
19335
19336
19344
19345
19346
19348
19349
19354
19357
19371
19372
19376
19387
19387
19388
19388
19389
19389
19390
19391
19392
19394
19395
19398
19409
19414
19415
19419
19419
19419
19419
19433
19433
19438
19439
19441
19441
19444
19448
19449
19449
19452
19458
19465
19466
19466
19483
19485
19488
19488
19491
19493
19502
19508
19509
19513
19516
19517
19528
19531
19531
19531
19534
19535
19536
19543
19547
19548
19549
19550
19554
19558
19560
19562
19563
19572
19572
19577
19583
19584
19590
19590
19593
19595
19600
19605
19606
19610
19610
19614
19617
19618
19622
19624
19629
19629
19633
19636
19642
19645
19653
19654
19656
19657
19667
19677
19679
19681
19685
19690
19690
19698
19699
19700
19706
19706
19707
19708
19709
19709
19711
19713
19715
19720
19727
19727
19727
19731
19735
19737
19741
19741
19744
19746
19746
19748
19760
19761
19763
19764
19766
19770
19775
19775
19776
19783
19785
19789
19789
19792
19792
19795
19796
19797
19800
19804
19805
19806
19807
19813
19814
19821
19822
19822
19824
19826
19840
19842
19855
19856
19856
19857
19861
19875
19882
19885
19894
19895
19899
19901
19904
19904
19906
19909
19909
19922
19925
19925
19926
19927
19928
19928
19928
19930
19938
19939
19940
19952
19952
19954
19955
19955
19959
19964
19966
19969
19973
19975
19980
19984
19984
19990
19998
20004
20005
20006
20008
20016
20018
20025
20027
20036
20038
20041
20041
20050
20057
20062
20066
20073
20075
20081
20084
20086
20087
20087
20090
20090
20092
20096
20099
20101
20102
20102
20103
20112
20115
20118
20120
20120
20136
20137
20138
20139
20141
20141
20141
20142
20142
20146
20150
20155
20157
20158
20158
20167
20170
20170
20171
20172
20172
20178
20179
20181
20186
20190
20195
20196
20201
20206
20206
20209
20209
20210
20212
20215
20220
20221
20226
20236
20237
20238
20239
20240
20240
20242
20244
20245
20252
20257
20264
20267
20271
20272
20276
20280
20284
20289
20290
20290
20302
20302
20308
20310
20310
20312
20313
20316
20317
20322
20322
20324
20325
20328
20332
20334
20343
20345
20346
20347
20347
20349
20349
20350
20354
20354
20363
20363
20368
20371
20371
20374
20388
20398
20401
20401
20408
20418
20421
20423
20431
20436
20439
20441
20444
20446
20447
20451
20452
20452
20461
20467
20468
20474
20478
20478
20481
20483
20484
20485
20488
20491
20492
20492
20495
20502
20507
20509
20515
20516
20518
20518
20519
20523
20526
20529
20531
20534
20535
20537
20537
20541
20548
20548
20548
20551
20552
20552
20565
20567
20570
20571
20573
20575
20578
20588
20592
20593
20596
20600
20602
20602
20605
20608
20611
20613
20623
20632
20639
20640
20641
20645
20652
20659
20659
20660
20660
20662
20666
20666
20669
20671
20674
20676
20677
20686
20689
20689
20690
20696
20696
20698
20698
20705
20711
20713
20718
20722
20727
20728
20732
20733
20736
20744
20754
20755
20755
20758
20758
20765
20765
20770
20789
20791
20794
20796
20801
20803
20803
20803
20806
20810
20811
20811
20817
20821
20821
20824
20835
20836
20836
20838
20839
20841
20842
20842
20843
20845
20845
20848
20848
20855
20856
20856
20861
20862
20870
20881
20886
20886
20888
20893
20895
20902
20902
20905
20911
20918
20919
20920
20921
20923
20926
20928
20937
20944
20945
20948
20949
20949
20962
20964
20967
20976
20980
20984
20986
20986
20989
20990
20994
20997
20999
21001
21005
21007
21014
21015
21016
21017
21018
21029
21030
21032
21032
21035
21038
21042
21050
21050
21050
21051
21053
21058
21061
21063
21064
21070
21071
21072
21074
21076
21086
21087
21089
21089
21091
21092
21094
21097
21098
21102
21103
21105
21106
21106
21127
21129
21135
21144
21148
21150
21157
21157
21163
21167
21167
21170
21170
21174
21174
21181
21185
21186
21188
21189
21189
21189
21191
21191
21192
21195
21195
21200
21207
21207
21212
21213
21216
21218
21219
21220
21222
21226
21236
21242
21248
21249
21251
21252
21253
21257
21257
21261
21273
21285
21287
21288
21299
21301
21310
21311
21313
21324
21326
21328
21332
21334
21334
21335
21336
21337
21345
21349
21352
21353
21354
21360
21363
21368
21369
21371
21373
21376
21384
21395
21399
21403
21405
21408
21409
21410
21422
21424
21430
21430
21432
21432
21441
21450
21455
21456
21463
21464
21465
21468
21477
21480
21487
21492
21507
21509
21510
21513
21515
21519
21519
21521
21521
21524
21528
21530
21530
21530
21531
21534
21534
21537
21541
21544
21547
21559
21565
21568
21576
21588
21590
21597
21598
21604
21604
21607
21607
21609
21625
21630
21633
21638
21640
21647
21656
21660
21663
21680
21682
21692
21694
21694
21696
21700
21700
21701
21703
21708
21709
21716
21719
21722
21727
21728
21729
21735
21736
21744
21744
21748
21752
21754
21758
21759
21764
21767
21768
21772
21779
21788
21789
21789
21790
21793
21794
21795
21796
21797
21798
21808
21809
21809
21810
21812
21815
21821
21822
21823
21824
21846
21848
21853
21857
21859
21863
21863
21868
21871
21873
21874
21875
21876
21879
21880
21888
21893
21896
21896
21897
21904
21904
21913
21914
21918
21919
21920
21923
21925
21928
21934
21937
21938
21942
21945
21949
21954
21954
21970
21970
21970
21973
21973
21974
21978
21979
21982
21982
21983
21991
21992
22003
22006
22007
22007
22007
22013
22017
22023
22024
22026
22029
22034
22034
22042
22047
22053
22059
22060
22060
22061
22062
22065
22067
22075
22078
22079
22081
22085
22086
22095
22098
22099
22104
22105
22108
22110
22113
22116
22116
22119
22136
22136
22147
22149
22157
22165
22173
22173
22174
22174
22177
22183
22195
22196
22206
22206
22208
22208
22211
22216
22220
22223
22225
22229
22235
22244
22244
22251
22252
22262
22271
22273
22281
22283
22284
22289
22289
22298
22301
22306
22309
22311
22314
22316
22319
22320
22325
22327
22334
22337
22342
22350
22350
22350
22355
22359
22363
22364
22366
22369
22369
22373
22377
22384
22387
22388
22389
22389
22393
22400
22402
22402
22404
22409
22410
22412
22413
22420
22422
22428
22428
22429
22434
22439
22444
22447
22448
22450
22450
22451
22454
22454
22464
22466
22474
22475
22476
22478
22481
22486
22487
22491
22509
22526
22535
22536
22537
22541
22548
22552
22561
22565
22566
22574
22575
22575
22576
22583
22584
22586
22590
22592
22600
22605
22608
22616
22616
22618
22619
22620
22622
22624
22627
22627
22629
22637
22642
22642
22642
22644
22647
22653
22653
22659
22660
22660
22661
22661
22662
22667
22668
22669
22677
22679
22681
22681
22681
22685
22691
22692
22693
22699
22700
22700
22706
22710
22713
22714
22717
22722
22733
22737
22746
22746
22747
22750
22753
22754
22754
22756
22759
22761
22764
22765
22768
22768
22769
22769
22774
22776
22779
22789
22791
22792
22793
22798
22806
22810
22811
22812
22814
22816
22817
22824
22831
22833
22835
22838
22840
22846
22847
22848
22851
22857
22861
22861
22863
22865
22865
22869
22871
22878
22878
22883
22885
22889
22893
22893
22894
22896
22897
22898
22899
22900
22901
22904
22904
22905
22908
22913
22918
22919
22922
22929
22933
22937
22937
22939
22944
22947
22949
22949
22949
22952
22958
22958
22959
22967
22970
22973
22974
22982
22982
22982
22984
22985
22986
22987
22991
22994
22994
23006
23011
23013
23015
23015
23018
23019
23020
23022
23022
23023
23024
23025
23026
23027
23027
23029
23032
23033
23033
23034
23035
23043
23045
23046
23051
23066
23070
23079
23081
23082
23090
23094
23094
23104
23104
23110
23114
23115
23121
23122
23125
23127
23128
23134
23135
23135
23137
23139
23144
23145
23148
23150
23152
23155
23165
23167
23175
23182
23187
23187
23188
23190
23192
23200
23201
23205
23214
23216
23216
23217
23222
23222
23225
23225
23227
23227
23233
23235
23235
23235
23238
23240
23248
23248
23251
23251
23257
23258
23260
23271
23271
23279
23284
23286
23287
23288
23290
23292
23298
23299
23299
23299
23302
23304
23304
23304
23307
23313
23314
23316
23319
23326
23326
23327
23327
23335
23338
23340
23342
23346
23346
23350
23363
23367
23374
23374
23375
23378
23384
23386
23386
23388
23388
23392
23395
23403
23404
23405
23405
23407
23407
23413
23415
23417
23419
23432
23433
23441
23445
23446
23450
23452
23455
23462
23463
23467
23470
23472
23475
23478
23480
23481
23484
23486
23487
23504
23505
23515
23515
23519
23527
23528
23529
23530
23530
23532
23533
23536
23541
23543
23551
23568
23576
23576
23583
23593
23595
23599
23605
23609
23613
23615
23621
23622
23625
23627
23627
23628
23630
23633
23645
23653
23654
23660
23664
23667
23672
23677
23678
23679
23685
23689
23691
23695
23701
23708
23709
23710
23715
23716
23719
23721
23722
23723
23726
23728
23728
23730
23732
23733
23740
23744
23745
23747
23753
23753
23754
23757
23758
23767
23770
23777
23777
23778
23783
23786
23789
23790
23795
23802
23804
23805
23810
23811
23812
23814
23815
23816
23817
23818
23819
23822
23823
23824
23824
23828
23832
23833
23837
23838
23838
23844
23848
23848
23850
23854
23860
23863
23866
23866
23867
23867
23874
23874
23876
23878
23886
23895
23900
23900
23900
23902
23902
23903
23908
23911
23914
23915
23925
23927
23927
23928
23942
23942
23942
23944
23947
23949
23956
23957
23971
23973
23974
23974
23975
23980
23983
23988
23988
23993
23993
24005
24005
24007
24011
24013
24013
24014
24017
24017
24019
24019
24020
24024
24025
24028
24031
24040
24042
24044
24045
24047
24049
24054
24055
24056
24062
24063
24063
24079
24083
24084
24085
24090
24090
24091
24092
24093
24097
24100
24101
24105
24106
24109
24109
24113
24116
24120
24122
24123
24124
24131
24134
24135
24136
24143
24147
24149
24150
24160
24169
24170
24176
24178
24180
24181
24182
24185
24187
24187
24190
24193
24203
24213
24214
24220
24220
24222
24224
24226
24226
24230
24231
24235
24241
24242
24250
24251
24251
24256
24263
24266
24267
24270
24276
24279
24284
24284
24288
24291
24292
24295
24296
24297
24304
24306
24308
24317
24318
24321
24321
24323
24323
24328
24332
24335
24339
24341
24342
24343
24344
24345
24364
24367
24377
24380
24382
24384
24386
24386
24388
24394
24406
24407
24409
24414
24420
24421
24423
24423
24426
24429
24438
24440
24442
24445
24447
24449
24452
24453
24460
24461
24463
24467
24469
24472
24473
24475
24487
24489
24492
24493
24497
24499
24500
24502
24506
24507
24508
24509
24515
24524
24526
24529
24534
24538
24538
24541
24542
24543
24544
24545
24548
24553
24553
24558
24566
24571
24572
24572
24573
24575
24585
24588
24589
24596
24596
24597
24599
24600
24603
24606
24607
24609
24609
24638
24652
24656
24659
24661
24664
24665
24667
24670
24674
24676
24678
24679
24690
24696
24697
24703
24711
24724
24725
24725
24727
24731
24731
24737
24747
24748
24757
24766
24769
24770
24777
24778
24785
24788
24789
24792
24802
24805
24810
24815
24820
24823
24826
24828
24835
24838
24852
24853
24864
24880
24883
24883
24891
24892
24899
24902
24905
24906
24907
24908
24912
24917
24918
24922
24922
24926
24927
24927
24929
24930
24934
24936
24939
24941
24948
24950
24952
24953
24953
24958
24962
24962
24962
24975
24977
24977
24980
24981
24982
24985
24985
24987
24987
24987
24992
24992
24994
25003
25013
25015
25017
25019
25022
25024
25025
25026
25030
25030
25031
25032
25033
25035
25036
25037
25039
25046
25051
25055
25056
25060
25060
25067
25069
25076
25078
25080
25093
25094
25098
25102
25103
25106
25111
25119
25125
25132
25149
25153
25153
25157
25159
25160
25162
25163
25164
25172
25183
25187
25196
25198
25202
25203
25207
25212
25215
25216
25219
25221
25226
25232
25241
25241
25243
25244
25246
25248
25250
25250
25255
25260
25263
25264
25271
25277
25278
25278
25281
25287
25288
25296
25297
25297
25299
25301
25303
25307
25311
25317
25318
25320
25321
25324
25324
25327
25328
25331
25333
25334
25338
25348
25353
25357
25357
25375
25382
25383
25391
25392
25394
25396
25396
25410
25421
25422
25426
25431
25433
25436
25438
25441
25442
25447
25448
25453
25454
25454
25456
25458
25458
25459
25460
25462
25468
25470
25470
25475
25475
25478
25481
25482
25498
25500
25500
25504
25504
25516
25522
25523
25524
25529
25530
25531
25531
25542
25545
25545
25553
25564
25581
25583
25585
25602
25603
25607
25607
25615
25615
25617
25624
25624
25626
25629
25630
25639
25641
25642
25644
25651
25652
25654
25654
25659
25663
25669
25671
25674
25676
25679
25681
25686
25691
25694
25695
25699
25701
25704
25707
25708
25709
25711
25720
25721
25728
25739
25739
25739
25743
25743
25746
25749
25752
25761
25763
25767
25767
25775
25779
25785
25790
25792
25793
25793
25794
25795
25795
25806
25806
25809
25811
25815
25819
25819
25820
25829
25831
25831
25832
25842
25846
25848
25850
25859
25860
25863
25866
25867
25868
25869
25870
25873
25874
25876
25880
25881
25882
25886
25889
25892
25894
25898
25900
25903
25908
25909
25909
25920
25921
25925
25926
25928
25935
25935
25939
25944
25946
25957
25958
25982
25982
25984
25988
26002
26005
26011
26013
26016
26017
26022
26023
26025
26028
26029
26030
26031
26032
26035
26036
26036
26042
26043
26046
26047
26048
26059
26059
26059
26059
26062
26064
26069
26081
26085
26094
26095
26096
26113
26114
26115
26115
26119
26120
26121
26122
26123
26125
26128
26133
26133
26135
26136
26141
26150
26156
26156
26157
26160
26163
26163
26164
26167
26168
26170
26173
26174
26177
26180
26185
26187
26196
26202
26215
26217
26224
26224
26227
26227
26228
26234
26237
26244
26246
26256
26258
26263
26268
26269
26269
26270
26271
26271
26278
26289
26291
26292
26294
26297
26303
26304
26304
26315
26319
26326
26326
26333
26336
26336
26339
26343
26348
26358
26365
26366
26367
26372
26377
26381
26382
26383
26385
26397
26397
26407
26413
26414
26416
26418
26429
26430
26430
26431
26432
26436
26441
26443
26446
26452
26453
26461
26462
26463
26466
26466
26470
26471
26477
26487
26487
26487
26489
26491
26491
26498
26499
26503
26520
26523
26524
26525
26529
26529
26531
26532
26533
26534
26535
26538
26539
26544
26545
26546
26549
26549
26556
26556
26556
26557
26559
26559
26564
26564
26571
26571
26575
26586
26587
26587
26588
26589
26591
26595
26599
26603
26607
26607
26615
26619
26624
26631
26632
26636
26639
26640
26641
26643
26654
26657
26664
26667
26667
26671
26672
26677
26679
26685
26688
26689
26693
26694
26697
26705
26707
26707
26708
26714
26732
26737
26740
26743
26749
26749
26749
26754
26754
26757
26758
26771
26772
26775
26790
26793
26795
26795
26799
26803
26807
26812
26818
26820
26825
26830
26833
26838
26847
26847
26848
26851
26860
26863
26864
26866
26872
26873
26879
26880
26883
26885
26888
26889
26889
26893
26895
26898
26900
26905
26905
26906
26908
26910
26910
26917
26918
26923
26928
26929
26929
26933
26945
26946
26947
26949
26953
26956
26959
26962
26969
26973
26973
26976
26980
26981
26983
26983
26984
27001
27002
27012
27017
27020
27024
27025
27025
27027
27029
27032
27034
27034
27038
27038
27039
27040
27042
27048
27051
27053
27058
27061
27070
27074
27075
27076
27081
27083
27089
27093
27093
27102
27103
27106
27113
27113
27118
27126
27135
27137
27137
27142
27151
27153
27153
27155
27156
27157
27158
27159
27160
27160
27169
27177
27188
27191
27200
27204
27208
27209
27212
27213
27216
27217
27219
27219
27226
27227
27239
27251
27253
27257
27266
27268
27272
27276
27281
27284
27293
27295
27303
27311
27318
27320
27321
27325
27328
27331
27334
27336
27338
27339
27341
27344
27352
27356
27357
27362
27362
27373
27388
27394
27399
27405
27416
27420
27422
27422
27424
27425
27426
27428
27429
27432
27434
27436
27439
27441
27447
27448
27448
27450
27454
27457
27457
27463
27469
27470
27473
27479
27484
27485
27487
27493
27493
27508
27510
27518
27524
27524
27527
27527
27528
27529
27531
27532
27539
27543
27545
27549
27553
27561
27570
27574
27578
27582
27585
27586
27588
27589
27600
27603
27612
27613
27615
27616
27618
27620
27620
27621
27622
27625
27627
27628
27632
27632
27632
27636
27637
27638
27641
27643
27646
27648
27648
27652
27658
27658
27659
27662
27667
27671
27672
27675
27675
27676
27684
27684
27688
27691
27699
27701
27702
27706
27707
27711
27713
27714
27714
27720
27724
27725
27725
27726
27727
27729
27730
27732
27734
27736
27738
27738
27746
27747
27751
27760
27766
27768
27773
27774
27776
27778
27788
27791
27797
27805
27805
27805
27807
27808
27809
27812
27816
27817
27821
27822
27822
27822
27824
27825
27830
27832
27833
27837
27838
27843
27844
27845
27846
27846
27849
27849
27851
27852
27852
27852
27852
27854
27856
27861
27866
27867
27873
27887
27887
27889
27892
27893
27893
27903
27903
27908
27914
27915
27921
27921
27922
27925
27934
27935
27936
27941
27943
27944
27944
27950
27953
27964
27966
27971
27972
27986
27989
27992
27997
28006
28013
28025
28026
28027
28029
28034
28036
28038
28041
28042
28049
28049
28050
28071
28072
28094
28099
28107
28112
28120
28124
28125
28131
28131
28135
28135
28136
28136
28141
28142
28142
28143
28145
28145
28147
28150
28152
28154
28154
28175
28177
28177
28182
28184
28189
28195
28199
28200
28200
28202
28203
28207
28208
28210
28212
28217
28217
28223
28224
28227
28236
28243
28245
28248
28250
28255
28259
28265
28268
28268
28271
28272
28282
28291
28296
28298
28302
28303
28306
28319
28329
28330
28332
28337
28345
28348
28353
28355
28362
28363
28364
28364
28366
28368
28369
28373
28383
28388
28388
28389
28389
28390
28392
28396
28397
28399
28401
28402
28408
28414
28417
28419
28419
28424
28427
28436
28437
28439
28444
28448
28451
28456
28456
28457
28459
28461
28468
28469
28472
28474
28480
28485
28491
28492
28496
28498
28501
28502
28503
28511
28512
28512
28513
28514
28522
28523
28526
28526
28528
28533
28537
28539
28540
28544
28546
28555
28561
28571
28572
28573
28574
28578
28585
28590
28591
28595
28595
28602
28602
28609
28613
28613
28614
28621
28621
28622
28628
28629
28630
28630
28636
28636
28641
28647
28649
28649
28655
28676
28679
28686
28687
28689
28692
28692
28693
28693
28693
28693
28695
28713
28717
28717
28718
28720
28721
28730
28731
28740
28743
28746
28746
28749
28756
28759
28760
28762
28763
28763
28770
28775
28776
28787
28788
28791
28799
28802
28803
28811
28813
28814
28817
28818
28819
28820
28820
28833
28834
28836
28836
28840
28840
28845
28846
28846
28850
28851
28853
28853
28855
28860
28878
28884
28888
28889
28890
28891
28892
28903
28914
28919
28924
28925
28930
28935
28937
28938
28939
28940
28941
28943
28945
28951
28952
28973
28975
28975
28981
28981
28982
28982
28982
28985
28986
28987
28990
28990
28994
28999
29003
29010
29011
29019
29021
29026
29033
29038
29039
29040
29040
29043
29045
29047
29049
29053
29056
29057
29059
29059
29064
29067
29068
29088
29093
29094
29100
29100
29102
29107
29110
29113
29114
29122
29127
29127
29133
29134
29137
29137
29145
29153
29153
29158
29158
29161
29162
29165
29168
29169
29173
29177
29179
29181
29187
29187
29197
29198
29201
29205
29209
29211
29213
29216
29224
29233
29240
29243
29245
29247
29249
29256
29258
29262
29263
29263
29265
29266
29271
29272
29274
29276
29280
29281
29281
29287
29290
29295
29299
29300
29303
29304
29305
29305
29307
29308
29316
29319
29321
29325
29327
29335
29336
29337
29339
29341
29347
29354
29360
29360
29365
29368
29372
29372
29373
29375
29377
29382
29382
29388
29396
29400
29403
29404
29412
29414
29417
29419
29422
29422
29423
29426
29428
29430
29430
29432
29433
29439
29439
29442
29447
29447
29449
29452
29453
29456
29461
29464
29464
29469
29485
29485
29490
29491
29495
29497
29497
29497
29500
29501
29506
29509
29511
29514
29514
29516
29518
29528
29528
29544
29546
29548
29552
29553
29560
29566
29570
29573
29581
29582
29586
29587
29588
29598
29600
29603
29604
29615
29617
29618
29633
29634
29647
29657
29665
29672
29678
29681
29688
29689
29690
29694
29702
29703
29704
29711
29719
29724
29726
29728
29732
29734
29735
29740
29745
29745
29753
29757
29759
29760
29761
29763
29766
29773
29775
29775
29776
29779
29780
29782
29783
29784
29787
29791
29791
29791
29791
29791
29792
29792
29793
29794
29794
29796
29801
29806
29807
29807
29808
29817
29820
29821
29827
29827
29830
29831
29833
29849
29856
29857
29859
29873
29873
29874
29875
29877
29886
29890
29896
29901
29905
29907
29910
29915
29922
29922
29931
29932
29936
29938
29941
29948
29949
29968
29972
29973
29975
29983
29984
29987
29988
29995
29999
30001
30007
30017
30020
30023
30024
30026
30031
30034
30038
30048
30049
30063
30068
30068
30069
30072
30074
30075
30075
30077
30086
30088
30093
30100
30102
30105
30107
30108
30109
30126
30136
30139
30143
30143
30146
30152
30154
30155
30165
30166
30169
30187
30187
30187
30188
30191
30193
30195
30197
30202
30203
30204
30204
30209
30209
30215
30215
30215
30217
30221
30221
30223
30226
30242
30242
30243
30247
30249
30250
30251
30253
30253
30257
30260
30261
30268
30276
30282
30283
30284
30284
30285
30286
30287
30294
30297
30300
30303
30304
30304
30310
30311
30312
30319
30322
30324
30324
30327
30333
30334
30345
30346
30353
30360
30360
30362
30367
30368
30370
30372
30379
30383
30384
30388
30391
30392
30392
30393
30394
30403
30405
30407
30410
30411
30412
30412
30412
30412
30415
30418
30427
30429
30430
30433
30437
30438
30439
30440
30447
30448
30448
30454
30456
30460
30464
30467
30480
30482
30483
30484
30484
30489
30496
30502
30504
30504
30504
30506
30507
30511
30511
30513
30517
30520
30529
30529
30532
30535
30538
30539
30539
30561
30575
30575
30575
30581
30583
30583
30591
30593
30593
30598
30598
30601
30607
30609
30615
30617
30619
30620
30622
30623
30633
30633
30635
30636
30638
30639
30639
30644
30647
30656
30660
30666
30670
30675
30677
30683
30683
30685
30690
30694
30700
30702
30703
30706
30707
30712
30716
30718
30721
30724
30725
30725
30727
30728
30735
30735
30738
30745
30750
30750
30761
30761
30762
30765
30773
30792
30793
30795
30807
30814
30816
30817
30822
30823
30827
30830
30831
30831
30831
30839
30841
30841
30843
30858
30858
30862
30864
30872
30874
30877
30884
30886
30889
30893
30893
30894
30900
30904
30905
30906
30923
30924
30929
30933
30936
30940
30941
30941
30941
30942
30942
30943
30943
30944
30947
30947
30954
30955
30956
30957
30958
30958
30959
30959
30961
30963
30970
30970
30970
30972
30973
30974
30974
30979
30980
30995
30997
31000
31002
31007
31008
31019
31021
31022
31026
31026
31032
31033
31036
31038
31041
31048
31050
31050
31057
31058
31058
31062
31062
31064
31068
31072
31073
31089
31089
31090
31093
31095
31099
31102
31102
31103
31105
31110
31110
31111
31112
31113
31114
31117
31117
31120
31123
31124
31132
31132
31136
31139
31142
31142
31143
31150
31153
31154
31162
31164
31165
31167
31168
31173
31173
31174
31178
31179
31182
31185
31189
31190
31191
31193
31196
31197
31201
31206
31211
31213
31224
31225
31228
31232
31234
31235
31248
31250
31255
31258
31269
31275
31275
31280
31284
31290
31292
31293
31293
31306
31308
31314
31314
31315
31316
31324
31327
31327
31328
31328
31338
31343
31345
31350
31351
31353
31355
31355
31356
31356
31360
31367
31367
31371
31379
31383
31386
31388
31393
31395
31396
31402
31403
31405
31407
31412
31414
31419
31422
31423
31424
31425
31428
31433
31434
31434
31444
31445
31447
31451
31465
31466
31467
31472
31476
31485
31487
31490
31502
31504
31506
31511
31521
31528
31532
31533
31537
31539
31542
31549
31551
31551
31554
31556
31561
31568
31572
31577
31578
31579
31580
31584
31596
31597
31600
31600
31600
31600
31605
31607
31614
31620
31624
31626
31627
31627
31633
31634
31637
31637
31647
31647
31648
31655
31661
31667
31668
31669
31669
31674
31676
31678
31682
31682
31686
31688
31689
31690
31690
31692
31698
31699
31712
31714
31719
31719
31720
31724
31724
31729
31738
31738
31739
31740
31740
31741
31743
31743
31743
31750
31752
31753
31759
31760
31762
31762
31763
31765
31767
31777
31780
31780
31782
31784
31789
31790
31792
31793
31795
31796
31802
31804
31813
31827
31827
31828
31831
31834
31834
31835
31849
31852
31854
31860
31861
31870
31870
31877
31881
31886
31886
31900
31900
31903
31903
31906
31914
31917
31920
31921
31924
31925
31928
31930
31932
31936
31939
31945
31946
31952
31955
31957
31958
31959
31962
31966
31967
31968
31969
31971
31973
31978
31983
31990
31991
31997
31999
32000
32003
32005
32006
32013
32020
32023
32033
32039
32041
32047
32049
32054
32056
32058
32060
32064
32065
32066
32067
32073
32093
32095
32096
32100
32104
32106
32107
32107
32111
32114
32115
32116
32120
32142
32143
32145
32147
32149
32150
32151
32156
32158
32158
32168
32169
32170
32176
32185
32186
32188
32190
32191
32191
32194
32195
32205
32206
32212
32216
32237
32239
32241
32243
32247
32247
32249
32255
32259
32269
32271
32273
32279
32293
32297
32304
32304
32304
32307
32308
32310
32310
32311
32313
32314
32315
32316
32325
32335
32338
32341
32347
32348
32349
32350
32352
32354
32354
32359
32359
32366
32371
32372
32374
32375
32375
32384
32386
32388
32389
32392
32394
32403
32408
32410
32419
32424
32427
32427
32429
32431
32432
32434
32438
32441
32441
32444
32445
32446
32452
32454
32456
32458
32463
32464
32465
32466
32466
32468
32470
32472
32481
32483
32487
32491
32492
32492
32501
32502
32504
32505
32506
32512
32516
32516
32517
32520
32520
32521
32530
32531
32534
32537
32537
32549
32554
32555
32556
32557
32563
32565
32571
32577
32579
32580
32580
32585
32594
32595
32601
32602
32605
32606
32607
32618
32619
32622
32623
32624
32625
32626
32627
32628
32633
32637
32639
32640
32641
32642
32645
32646
32647
32649
32656
32656
32662
32665
32667
32682
32684
32685
32687
32691
32692
32695
32702
32704
32705
32707
32712
32713
32728
32732
32734
32735
32739
32740
32743
32747
32747
32753
32753
32754
32755
32762
32767
