1000
14
72
80
94
152
157
158
167
214
239
260
295
304
355
377
377
377
395
408
472
496
535
537
583
601
646
647
655
688
708
727
759
795
802
816
887
899
910
917
935
962
965
994
1011
1031
1033
1080
1091
1107
1149
1160
1197
1231
1263
1283
1313
1339
1408
1415
1427
1445
1466
1539
1578
1604
1688
1736
1750
1766
1767
1806
1830
1880
1915
1940
2026
2042
2051
2108
2171
2180
2191
2215
2282
2325
2339
2352
2438
2479
2512
2569
2599
2626
2669
2699
2728
2790
2817
2846
2979
3043
3083
3102
3110
3153
3164
3167
3256
3258
3277
3302
3356
3412
3413
3449
3588
3664
3693
3734
3741
3749
3754
3829
3862
3871
3897
3908
4050
4090
4146
4176
4219
4239
4244
4263
4281
4302
4454
4464
4496
4546
4564
4633
4637
4688
4690
4717
4730
4782
4797
4797
4838
4862
4875
4881
4899
4945
4947
4960
4962
4965
4973
4978
5047
5134
5256
5322
5346
5354
5370
5374
5413
5491
5502
5557
5573
5609
5663
5697
5711
5715
5762
5765
5783
5788
5827
5964
5980
6046
6055
6084
6096
6132
6151
6174
6215
6217
6254
6260
6277
6343
6364
6376
6406
6505
6529
6549
6588
6593
6623
6665
6681
6728
6734
6772
6779
6796
6799
6837
6841
6892
6931
6931
6940
6951
6979
6984
7117
7155
7189
7211
7220
7241
7298
7306
7405
7414
7495
7544
7551
7602
7680
7830
7840
7841
7847
7877
7907
7931
7943
7961
7985
8035
8052
8072
8142
8160
8174
8271
8296
8304
8313
8318
8354
8431
8466
8506
8629
8644
8675
8710
8720
8722
8735
8778
8784
8814
8839
8864
8891
8895
8912
8915
8990
9016
9046
9109
9116
9131
9138
9149
9183
9195
9215
9235
9259
9336
9347
9446
9451
9456
9483
9496
9517
9578
9598
9609
9610
9637
9652
9679
9736
9764
9772
9790
9843
9877
9940
9965
10007
10017
10017
10100
10144
10241
10287
10371
10456
10458
10459
10477
10503
10511
10586
10703
10734
10803
10856
10901
10913
10914
10970
10983
10995
11019
11082
11085
11128
11144
11148
11180
11182
11188
11243
11266
11324
11368
11374
11415
11443
11451
11465
11478
11498
11617
11740
11821
11833
11839
11846
11871
11909
11912
11931
11965
11984
12048
12052
12084
12129
12166
12198
12210
12231
12254
12282
12303
12365
12425
12486
12491
12495
12597
12648
12747
12829
12839
12895
13030
13046
13069
13094
13140
13170
13186
13187
13274
13286
13316
13319
13321
13369
13374
13389
13389
13399
13400
13404
13415
13434
13510
13534
13548
13591
13682
13790
13826
13827
13908
13928
13992
14056
14126
14131
14134
14145
14247
14255
14280
14336
14386
14392
14394
14433
14438
14492
14509
14523
14562
14585
14642
14653
14694
14701
14760
14948
14963
14967
14980
15017
15034
15162
15201
15211
15218
15234
15262
15264
15307
15354
15369
15400
15470
15497
15501
15537
15615
15667
15668
15671
15715
15766
15823
15873
15879
15896
15910
15935
15949
15950
15963
15964
15979
15995
16039
16076
16097
16118
16119
16162
16189
16196
16241
16266
16278
16287
16300
16352
16396
16414
16445
16462
16510
16535
16548
16610
16652
16677
16695
16744
16801
16811
16842
16851
16939
16964
16981
17104
17123
17126
17154
17172
17248
17313
17374
17374
17388
17406
17470
17480
17524
17534
17560
17642
17687
17691
17747
17768
17787
17806
17851
17898
17930
17950
18138
18191
18191
18195
18204
18206
18228
18320
18322
18350
18359
18383
18426
18449
18461
18521
18526
18543
18567
18613
18621
18729
18730
18735
18775
18814
18827
18875
18885
18952
19075
19190
19204
19248
19268
19277
19349
19371
19377
19386
19388
19390
19394
19402
19412
19477
19481
19484
19498
19523
19561
19596
19599
19620
19628
19721
19781
19810
19814
19892
19932
19956
19997
20007
20037
20111
20211
20289
20313
20317
20367
20391
20399
20420
20453
20512
20518
20523
20563
20602
20609
20613
20635
20647
20656
20683
20684
20773
20844
20860
20931
20944
20957
20994
21000
21007
21047
21051
21076
21118
21127
21131
21240
21248
21259
21291
21358
21409
21438
21500
21518
21603
21631
21642
21733
21764
21781
21781
21802
21868
21885
21934
21970
22003
22037
22049
22082
22097
22103
22149
22204
22252
22276
22293
22325
22349
22367
22375
22413
22418
22442
22491
22554
22594
22618
22650
22652
22657
22710
22714
22746
22748
22748
22843
22860
22890
22923
22944
22957
22996
23058
23061
23112
23161
23182
23197
23225
23345
23382
23410
23434
23535
23564
23586
23622
23696
23702
23731
23769
23780
23802
23819
23854
23888
23925
23938
23942
24014
24018
24065
24073
24191
24203
24238
24289
24341
24345
24368
24379
24385
24407
24456
24464
24537
24621
24643
24672
24740
24750
24823
24841
24890
24894
24904
24909
24919
24931
24997
25017
25020
25060
25197
25204
25220
25244
25266
25347
25351
25376
25508
25552
25558
25631
25643
25740
25745
25768
25768
25797
25880
25905
25942
25954
25974
26107
26131
26160
26165
26179
26179
26182
26249
26257
26287
26306
26348
26403
26438
26570
26571
26575
26586
26619
26739
26755
26766
26779
26808
26863
26865
26900
26941
27068
27079
27158
27209
27259
27326
27355
27355
27421
27444
27454
27464
27477
27534
27564
27606
27620
27654
27665
27693
27740
27750
27767
27795
27808
27898
27940
27962
28007
28051
28053
28059
28089
28098
28124
28135
28193
28214
28215
28251
28260
28274
28279
28301
28316
28317
28320
28434
28444
28446
28461
28475
28559
28571
28609
28690
28719
28740
28796
28877
28887
28902
28987
28994
29001
29016
29050
29118
29129
29151
29159
29165
29199
29261
29270
29286
29314
29329
29338
29393
29398
29501
29514
29653
29659
29749
29756
29908
29909
29952
29965
29979
29984
29993
30033
30121
30199
30205
30275
30289
30311
30330
30390
30454
30466
30513
30639
30648
30670
30681
30692
30739
30766
30768
30780
30785
30878
30882
30914
30929
30996
31028
31066
31105
31181
31195
31211
31220
31240
31275
31483
31499
31505
31545
31548
31553
31560
31595
31611
31732
31858
31865
31869
31888
31894
31903
31906
31932
31947
32002
32002
32050
32064
32076
32095
32118
32149
32171
32209
32211
32252
32272
32313
32334
32338
32370
32408
32439
32521
32557
32614
32642
32683
32708
