1000
28275
8233
32358
27199
12535
9268
448
23301
29289
6099
9541
655
7616
10031
23885
22884
2230
21291
24828
19627
29738
61
19908
25499
27586
26493
9259
22834
18644
7675
463
32298
23687
9814
15527
30505
1333
16522
17291
11064
13076
27658
26615
30326
8214
20495
29964
29965
16141
32303
14295
31334
9747
17201
23766
2201
30761
31264
18104
23592
4638
5534
16997
24556
32435
21371
15422
7503
30204
20102
23206
31932
27657
25251
8641
27220
29382
5918
1147
13027
29472
831
1741
11538
361
24863
21820
734
20734
17081
30114
12104
2855
7492
30000
1102
3390
7873
14260
19739
21012
464
19480
24699
2704
21447
27179
14225
10649
24837
32165
23756
26422
15236
25189
18199
32500
4014
13820
30032
11657
15218
25199
24060
12726
23446
17977
1849
21618
17231
7568
23283
15428
4623
4329
2907
4081
23454
3262
7061
11351
5740
18063
24753
29081
17446
4903
3805
27516
2183
29216
9945
22801
8817
29353
22443
22421
31548
21895
10387
13461
16462
4186
32577
11093
15083
5666
22086
4467
23119
2305
14281
14024
9210
14659
20603
31887
32332
5531
11981
26569
2385
28847
608
13024
31198
16343
28604
8842
10973
14114
19526
8688
22757
26267
22124
27152
15374
15562
15907
14431
29699
4733
4499
22707
31320
9160
25104
1633
3870
6730
13645
26786
21429
3250
5836
11836
2018
6018
23961
3166
7457
29459
31288
9419
5181
10969
24796
5946
22813
23017
25562
16893
4321
4280
4700
30178
3630
18470
28506
8535
24517
1467
5318
14033
11611
5424
5895
21102
22181
31537
15529
25305
2226
1377
24147
22894
15741
7071
761
9630
22979
13960
3154
32661
23826
7996
1933
17947
22563
23653
30272
29624
7529
28790
9121
28444
24554
19761
23032
15037
13390
8300
3156
18370
10293
24084
18557
28704
25550
11122
1323
23555
2470
4013
8309
22127
18621
3473
8844
21799
21727
2702
6313
14286
14641
9988
7236
588
14603
27582
23175
5747
13061
28860
12290
12515
14933
24885
11424
11562
23128
220
5082
21808
14446
5731
11562
16339
2059
24381
30915
718
1291
28841
7295
15327
26694
10732
7449
13609
2661
7133
14236
10455
10484
2471
28443
26626
440
26315
8867
26836
14402
30308
16238
32750
14788
28591
25433
18696
4900
19402
920
727
27983
8380
27561
25140
9168
11702
10374
8314
10657
31897
13343
18736
12352
15543
29959
2792
17670
15070
26222
3942
22709
6803
31823
7941
25936
13467
6122
4951
9775
16064
8309
23820
5714
8401
5135
8469
10486
6891
9461
12553
28774
8439
14072
25287
10004
3956
20783
2909
20200
7543
22505
8488
23256
12271
8933
18749
5817
29230
17350
21512
16724
22437
4289
27955
3261
27375
18329
713
30944
3602
23757
10140
15453
4097
19216
29924
12182
15205
30457
12072
28165
17052
31484
12898
8660
11522
28569
26974
11687
10608
979
21603
10429
27139
31204
25365
24887
27935
23599
9626
22711
22451
32374
6396
28461
17598
8013
4814
12270
11794
15822
4115
29959
21080
30607
27483
21712
15444
721
15919
3524
20330
6394
29103
25743
32097
25926
17018
10345
2408
19385
15310
20899
31830
7256
28145
28287
11830
1688
25551
21061
2307
24855
7140
14995
26800
6538
2140
24309
15467
24822
23161
7861
19747
26660
7478
16629
19784
16463
25386
31482
5586
13343
2990
12491
13444
11483
25410
9211
12146
30682
9005
1219
8641
58
5220
6484
5550
20693
22957
28522
16337
29297
9476
19493
32675
31287
23614
19989
18751
23655
28908
30099
23653
22345
28546
1880
27844
2663
2489
32072
8057
3577
8241
31119
467
7841
3931
28655
23897
12632
17302
31064
3342
936
22680
1466
14323
31773
18448
24599
5326
28406
27529
14556
6954
6943
21906
10865
17823
29540
17948
27663
18771
2015
15907
9938
26305
9138
30353
8463
14265
29436
15967
13287
7848
17669
1021
16156
15130
16060
3572
3876
1917
4452
9930
27004
1064
2442
16421
13119
5020
2618
20788
26103
27657
18546
29771
18099
16916
23255
1997
4954
4311
29095
22095
6718
9001
19183
2554
28660
16928
14078
28465
14180
11477
16665
19060
12316
15719
20592
17797
32490
24387
21841
14281
25769
15010
22172
19952
22363
14675
29559
21721
12664
18618
11586
11183
27526
32025
3534
8537
5098
31246
32201
16657
30974
17501
24445
21074
14691
24816
16827
4088
11929
25884
16145
23203
26060
23590
23875
27228
6897
9734
249
17275
27154
13162
18870
29383
10982
17150
27145
21728
10917
1003
20487
27866
14362
16797
12792
3627
13818
31946
21329
24007
10100
5552
5603
28297
27401
27550
11089
31957
6046
5557
31431
3452
12240
6384
3817
29663
8071
16226
8202
856
14286
29887
3743
28629
7394
19486
25075
8646
23176
4861
7964
314
4772
5510
3117
31812
31240
30737
13229
19620
6026
18921
15432
16547
31065
13651
26821
2879
21649
28876
21560
24456
17164
21907
15993
23370
4988
16231
31956
1260
24502
6546
25346
24728
23889
15654
14424
24733
7280
1159
3391
13585
10460
14377
1252
16058
16726
14491
26417
10543
6443
2501
3835
28730
22536
9070
2173
21633
19472
11009
29701
869
556
31376
237
30251
14498
6425
5325
19545
24554
2056
29423
9571
7613
2558
30723
15751
1646
18129
15892
20982
125
28884
15547
4148
1642
20312
14739
5313
15047
21106
7404
15609
657
5119
32452
20537
6592
27110
32755
17475
22045
28061
17317
8420
3156
7407
7437
18132
19274
30716
17752
7645
25008
16513
11744
28223
25049
15961
17059
26964
6088
11588
12531
9584
9614
14312
1647
4363
14803
9237
15409
8482
5298
5197
585
16090
20170
644
24426
14439
5777
22564
30948
14636
22508
18260
5842
3363
509
18810
14485
13184
24380
26366
19841
1169
13258
11346
26069
28393
5634
28719
28657
4029
13648
20257
21955
10894
838
69
3715
17416
29420
26449
30880
25643
16984
2006
4090
17320
639
15810
21585
26766
20811
24361
29693
30245
31214
11077
3808
13338
28533
10939
9626
4317
21920
25887
2299
9032
3057
4027
23998
28545
28419
6540
2164
29473
17437
14478
5566
15510
775
23610
29375
4550
29212
10572
2513
27124
18593
25289
6007
16104
19285
25665
19348
31050
5961
4433
2778
31824
3826
24173
25732
5273
7549
22236
4168
20056
17506
17412
2183
30388
10044
23016
5320
