100
24558
23147
14839
30004
8458
849
28624
25160
19762
18159
26104
28946
12372
17736
28913
18006
13623
29400
21724
28936
23821
469
6565
15792
21835
28852
28539
22803
8120
25071
14211
1551
196
8454
1229
27335
10268
30916
10631
14592
18299
16067
9328
13771
3011
14386
656
25701
11340
15318
2343
22619
1148
13647
15331
29425
27544
28061
4949
4037
16089
15586
30630
25776
20931
2409
21382
6381
14514
14312
21350
22397
8630
28930
9447
24777
12192
24592
19090
24458
2909
20257
22473
1254
8067
17471
10493
12251
12842
1013
27682
9185
20733
7438
3424
4811
17297
24990
23564
32239
