10000
27498
6017
7757
1763
15266
24978
13349
31865
31690
27547
11975
22940
14212
4165
17799
25187
9308
27000
15101
24083
32591
18382
18091
27192
25486
15943
16865
1013
32383
5694
7134
15257
17669
16283
22840
18034
3585
4427
8830
25318
13849
28141
9755
17087
12472
8398
20861
28615
10837
1816
9591
24213
8185
22854
10724
9126
4091
10459
17550
32432
10254
26196
30542
12338
5247
859
18804
19792
21687
1341
24680
1502
14599
7070
2962
4283
28069
3948
18296
12896
14065
7697
31782
4536
17149
5357
31443
20275
13389
16643
32449
4630
18907
1778
13669
21
18526
14120
4552
21283
2252
29266
28461
393
20510
12822
18164
11317
21587
18949
32190
18261
4791
29899
3026
12581
23397
16809
1216
11013
13835
30246
16964
26831
1005
14337
13932
10855
813
4969
10493
5012
5961
12656
25620
13838
31461
21182
5129
472
16075
25218
24216
4047
14896
13743
30019
31364
20537
19044
9970
14663
11965
7083
13533
12676
27213
23911
28331
29267
7025
13448
23003
20042
24885
16257
26724
18325
27876
764
664
585
31508
3788
26702
12534
24034
28451
11584
12156
31871
15877
21682
16415
27628
26876
20565
7901
1281
32526
26218
24318
7092
6892
17194
18158
15256
15724
14694
7752
3492
11321
30315
8755
19254
10441
11560
5105
25175
5008
31891
5557
12097
20340
5448
18869
28447
31104
25203
26497
20499
18652
14833
15251
17021
11005
22450
17703
28539
28697
10338
26189
30892
7134
10056
23100
25914
11875
21358
26089
24599
31071
2
30424
11142
21913
1020
9266
28126
19615
3329
17945
15242
2747
6535
5944
597
11555
24123
5278
14821
16496
6815
4044
32132
849
8440
9996
29479
16769
5479
6149
9128
23286
10326
8333
10327
19292
20501
25022
20913
17857
17861
31052
11119
14482
18806
17685
451
19910
29068
1274
19422
15193
2407
20206
8117
30716
17219
2380
4869
10251
16732
24430
11668
22207
14934
25723
20667
20389
15581
22656
14369
11342
22153
17347
30665
27208
8708
23636
6991
7502
110
27108
19054
4540
512
7130
5830
29510
16880
1444
22236
19432
14741
13643
12899
28448
20172
6219
17338
9564
8602
8865
29365
11182
23827
27685
27808
23495
3962
14362
23937
4131
19881
6916
20126
6273
9651
12985
20031
21142
9417
9403
17589
15106
29786
22213
6811
2691
21118
5540
5212
13161
27029
7752
1782
21322
19243
15643
18941
27894
4640
30610
2786
32429
28677
29697
25973
18576
10696
5043
26025
22358
18324
29498
22167
10048
31731
17668
710
29519
1590
14895
18858
1204
5142
28062
11882
5768
26267
1357
17383
8637
15933
32225
6649
9557
21066
21636
4091
16081
22407
751
12427
9965
23066
456
31371
26250
28327
17711
15211
22508
32442
26516
24235
18469
13413
30411
22171
19665
18730
5986
614
8708
15386
29234
13646
9345
13119
8244
17209
15405
3128
2198
13933
19139
24611
25870
4760
29384
32448
24687
18707
19138
9426
890
16999
20645
29129
25590
8465
12686
24735
18947
8578
14771
18432
16299
15210
154
9645
16058
26678
9610
14626
28879
13015
12352
12663
13748
29894
27106
29316
25579
25669
16953
13640
30601
22503
5402
1932
9032
25426
25637
28355
30679
12612
22707
12853
5492
16084
8713
4188
7101
23547
978
25486
19395
5458
10444
31197
4193
27421
3521
9276
24780
31113
6329
16611
12650
30258
12398
17652
26344
9960
26624
2398
32647
13747
4842
24321
26294
1556
21813
11796
9958
28558
1003
9412
28058
357
27087
14622
5565
13222
17483
559
11321
10599
3242
11370
8901
26704
24967
3402
9470
10587
9349
6712
17338
9943
8257
18094
27289
2995
19077
3485
21469
26617
30399
10764
28283
20121
3249
17154
27249
104
5993
3751
24411
18536
16500
12454
16705
27978
2895
22485
6068
23601
25886
24344
11033
28857
23712
30083
7236
32312
5731
4542
6729
32324
20788
13486
10894
2165
3802
16209
14117
30571
13572
24554
22361
24339
14975
23135
1671
14375
13484
12255
15664
25844
22834
27079
8267
29536
18416
3015
15072
16427
12598
28993
30162
24437
11316
6641
16893
28289
20914
10707
10368
12984
28418
8257
13660
10737
25907
2652
28735
28655
2184
13486
22426
7467
5160
8206
4601
724
1559
15811
18836
26645
30565
14060
26145
11414
17574
17183
6381
29765
6818
21072
28459
16470
15181
3572
24204
6536
3833
30055
16
12203
21962
6539
27931
4703
3434
15283
29387
26398
24319
21439
3977
16509
10586
16776
28382
31406
31601
11646
22408
16714
4880
23695
16334
8781
13259
31563
31760
21091
27191
9286
15266
1634
3930
9662
18395
1559
8287
19070
14696
23621
16014
10754
6118
18411
27516
17372
6065
21190
21887
27223
27126
12567
18533
16473
21264
20134
5734
20110
31505
11527
3414
29634
11422
30492
19488
13455
30209
28123
3183
11833
24697
4689
13486
12502
12756
12519
17971
17586
27712
12773
31671
7921
95
21300
11274
18806
26009
12136
17668
516
3254
13822
29375
5283
24748
30945
18179
13638
18869
29491
29954
7338
26277
11595
30022
27777
28795
25082
9703
7888
31798
2323
15105
1174
3818
27434
4965
6062
14354
8859
17807
9206
9768
11727
30937
2993
26995
30394
24302
11050
22817
29608
24960
8091
20117
17722
22590
30028
11010
30123
23296
255
23353
15704
1093
26764
19903
28800
14304
7881
3875
31304
16878
22188
142
2306
25099
12724
23708
20398
5830
11652
32362
193
15698
5330
7921
26150
22910
30591
31890
14979
6630
28167
8433
10173
27755
11292
14599
3774
14050
9870
13171
31862
2057
20590
6417
28703
21695
13171
21454
22214
5492
26524
22459
24583
22494
11799
25184
4120
6381
13154
17490
13065
31490
15536
26888
5449
11356
17550
4330
9581
4562
19142
29099
25389
2504
23428
12505
16303
23388
4535
27826
21257
9696
6330
18234
2817
25741
28980
10122
14102
23157
32061
9579
5573
31418
6082
21283
18181
8446
15146
22927
18452
11802
31545
6770
23669
23827
22069
19725
2106
25674
8520
18672
32639
14066
5158
29455
12087
31431
14319
280
17195
1533
15703
1796
19775
31095
32260
749
29175
19258
11576
23327
15931
21793
31663
625
2647
15314
13003
14038
3654
16880
2798
3631
2864
23443
16679
17763
11825
5621
12306
1458
4188
10094
28665
5190
30720
15266
16959
8203
16169
20473
19455
8641
874
13391
25584
592
730
1005
30604
31579
19037
10936
19313
26135
6437
19113
6919
27742
7544
5501
23395
20479
28339
28334
9579
15449
26767
27041
2875
22056
19363
30753
23752
32158
18218
23820
8131
30390
20487
14156
16065
27589
26886
14601
13208
32337
16485
24349
12556
23079
18067
15561
4011
32424
8759
12198
501
12900
9588
4062
21440
21738
10347
12443
14555
733
27906
17600
28402
16459
28644
31704
14001
7483
19146
27467
26668
2181
3064
6104
9855
17639
9994
13119
30385
13396
25328
25150
15839
28047
26936
7871
27286
20473
23179
2640
19840
2472
3195
17619
25923
17336
21628
7031
8614
26854
1071
9191
25078
14938
31463
6081
12968
9925
28774
1097
3647
6060
23783
8799
9584
10500
8802
27310
29316
32510
23307
14887
7167
11812
28955
6830
27263
27045
25556
1042
21990
27629
23999
10563
28091
19833
57
9663
8398
15850
2093
8014
10267
21336
12323
12271
6385
25576
29562
11282
25172
7585
5873
6407
14751
20603
6765
26551
14958
7865
30710
18322
15802
1913
21506
9672
11334
32650
758
11452
20538
3197
2026
22454
27150
5631
28844
28375
3242
24934
13064
32595
1228
27529
28487
9178
20393
5333
15350
12631
25815
21405
24297
7133
22378
24754
6015
10206
4702
4660
24102
15263
13365
22695
15650
25832
19936
4681
9867
26368
2275
10403
27541
25817
30901
11359
14613
31623
7013
25433
15680
24822
19843
31993
23221
23261
13630
24767
3262
8686
26826
19231
24786
1360
21509
11408
10591
25166
8537
32480
19911
17489
10724
1226
23464
16651
12502
10186
15713
25846
28187
26672
14802
17405
11323
4980
8547
632
32126
13513
19527
27230
19539
29684
19970
24758
19186
22111
552
20303
1601
5737
22120
22193
8180
1281
30154
23635
29689
10611
14645
18703
11539
4993
308
3026
3269
5046
23801
13464
27249
19959
8867
15256
11713
23131
23740
18619
18502
26685
12550
3923
29279
6031
9335
4618
12125
31856
24706
25368
23780
257
23960
13498
20884
6517
5871
19935
20201
32360
11138
14116
19040
24946
4185
13314
20956
20475
14346
23622
3911
14417
21376
27074
12156
17655
4091
3651
12389
577
30296
26051
23136
541
20371
22751
26856
29236
12938
907
9841
22578
7939
29700
32659
26721
18929
22022
20843
10877
32499
24128
30527
24772
15134
2565
23392
25932
25852
1860
3925
29081
17876
22714
12085
1135
10284
2662
5205
23013
16269
2621
6947
10683
15750
31008
82
8173
14323
2059
6456
17288
17536
13711
27508
16317
28008
32642
26579
17204
25475
23797
19573
27043
4479
5222
29227
25502
29805
16951
2340
20657
23936
9055
2249
32684
274
30816
22245
2366
30440
5241
27145
30917
4023
27932
27439
30565
9191
15778
6813
11607
16278
4926
31756
19844
20448
21807
3594
32595
13662
7482
4253
6847
24556
29784
7977
27308
22448
18348
8595
27003
22360
10679
22695
11228
23458
13263
2487
28131
19490
7117
3461
30303
8512
20999
18020
17511
11136
15230
16793
15157
24582
23640
2055
16440
20057
1680
25100
32612
9063
24812
4774
18893
24009
23087
19930
17012
5961
23696
28246
19808
1953
21868
11861
29937
9350
25912
26563
14706
741
19385
8097
32493
23917
25719
24748
3395
25677
18287
10553
22139
14911
25096
28772
30555
17093
7240
1641
9781
9650
24136
21586
1028
11245
2533
16083
952
22898
15545
12402
23501
26777
28234
3818
13858
2715
16000
8146
4617
4434
2141
8314
3226
26176
3304
5398
846
29395
19050
4894
17609
24039
21469
2804
17398
17037
15522
21704
345
17419
27762
1209
7841
8996
28567
19004
20605
14489
5980
24258
8881
30959
32450
18325
17001
25971
18292
28419
17101
3708
8957
22719
4053
2800
31801
30084
863
2313
21769
23035
20607
23641
11339
23775
14614
11532
10
24671
16806
11374
16369
19140
22372
29357
17414
29267
7311
27103
7061
117
20225
27206
18537
4117
32004
27603
14914
2890
31846
28906
7812
3126
22480
3685
22573
17710
9811
13531
13321
13338
324
7970
11561
9503
3146
2578
21905
18556
17333
6540
14129
24498
1297
3771
16663
17896
1531
13210
5346
22413
11572
8119
18554
32063
500
14902
28670
24044
9601
7448
1022
31799
2815
15806
30699
17181
24970
32424
5323
17880
25730
3715
27697
14083
1574
14435
30573
23296
10341
2381
14080
31127
22512
28408
26195
4831
15764
13268
6056
23394
14791
31820
19536
17276
24193
10568
23838
3588
15181
17399
18205
14894
12191
22219
12414
17584
14184
22469
14804
1060
26088
2034
28548
9390
707
27702
28534
1758
32088
17224
5905
1496
10830
7422
19815
26802
32623
30411
15788
797
16826
390
5613
18760
22963
29804
7678
23297
16894
4457
15029
18974
17452
16019
12629
8219
30677
22775
16205
26372
14311
9369
23075
14741
573
32182
11179
7841
30068
12108
7804
13232
24826
4829
3748
27372
7015
23919
29339
24638
4881
15831
4214
2484
19674
12343
4957
18214
17741
10950
5439
5401
26602
1999
28868
26339
4285
20733
28548
27664
19510
20437
10358
17669
18740
1924
8875
27363
12643
31707
4156
20142
23496
27032
13697
29615
3482
21479
20611
2326
15700
2856
5300
18148
3080
4339
3806
4616
26870
32089
1370
11208
4957
18797
10370
28771
28305
8964
10088
26869
23630
11704
31945
13466
4428
21811
2108
3286
6163
5290
18351
26933
30225
22439
17684
1582
9962
22540
3160
21325
25103
7509
15765
3218
24210
285
3976
788
2361
23779
22085
22761
24785
17679
25129
13386
27844
30000
19217
11763
494
20872
31689
32457
18861
8650
4552
12479
16183
26914
25882
22266
5937
32630
19613
4404
17789
20460
29296
24158
5459
24748
19625
649
1939
2023
3654
1030
27481
29208
9319
972
25810
23945
5050
29979
22095
12057
18998
30815
24472
17470
14604
23895
26499
9798
19162
4214
25541
738
2594
30602
21255
3556
3068
411
7485
12360
29447
28182
20019
10353
7845
3883
24168
32694
23144
2931
32288
31005
8647
25302
5813
23910
19478
15020
30254
18508
13493
13602
22802
23303
13191
22495
18047
30741
31141
17896
29302
27706
9812
20673
6777
10438
10293
9430
4184
29462
16060
5401
26440
11613
12259
18923
30517
7333
1568
22336
10841
20496
27284
32254
18702
3428
28549
7335
14304
26310
24334
4920
23527
24006
25109
7761
6484
14236
4990
28053
8265
26289
21406
31060
31726
11618
28659
23400
6081
24064
29458
12124
12077
23579
12512
15828
23391
17152
25349
30504
13141
21888
27038
339
12855
6899
1074
23820
22507
19837
5864
26162
14308
32144
20471
13165
27194
3762
16733
6419
4864
29057
17108
21320
29650
16116
12290
7018
15277
6371
22256
11436
2307
29642
10941
31744
21007
11722
3732
10043
10087
5872
19675
24435
1232
20154
3757
21164
9301
6871
26507
22708
1947
6959
18766
26444
11119
32547
29792
4488
6561
8214
14380
5753
19733
9516
6099
17161
7191
5201
10017
11045
7407
29822
13247
32290
14517
25911
3754
31321
24679
20313
2531
17429
6201
4882
32361
9136
19756
22321
28260
28408
10466
23968
6051
8663
22449
302
2632
27188
29942
16530
6082
11028
4524
31405
11772
15109
2365
16400
29396
25020
6295
23998
13263
22781
27523
1331
32267
21691
5170
13733
29301
22145
8473
19081
10811
20496
17664
21337
16261
22858
17749
6293
20064
32078
8901
29192
506
25317
12302
21068
533
21533
2830
11152
21686
26931
11296
4505
2077
23222
32681
15623
14586
16106
15854
21466
18654
13931
29993
6964
22768
19474
31195
30304
23777
3100
12643
22292
23074
5769
27344
755
10068
12483
14836
21078
16384
6784
2233
19532
136
10729
21177
17376
24157
29436
16136
23194
28787
32303
3156
3144
23538
21078
817
10237
31023
21958
25262
23131
17626
19131
31532
11534
29049
27383
27504
8089
11540
26284
13302
15701
28466
19100
5256
21686
25349
4479
26640
13265
16866
25765
29355
3611
12788
20444
22014
28532
32048
27796
8141
24676
13451
18497
9929
8100
4971
2561
10666
5344
14172
7039
25726
24763
5
22807
4161
11796
11098
3387
173
10375
531
15125
21587
15415
10332
31853
27371
715
26318
30414
5609
439
32670
11236
14161
7613
25620
10537
17099
26547
24127
23233
21754
9862
744
1441
21770
17023
32708
11511
21640
30149
6637
26310
8567
26148
28819
25553
16032
3084
22511
11963
13865
2781
24697
26220
31337
24161
24155
30647
18683
410
1317
6713
17425
29375
27586
5252
13835
14465
3243
2941
13129
19602
5722
24834
3645
3944
8194
26064
20932
10559
5757
25252
13750
31837
30086
15521
16827
3225
8488
14578
4705
30
29558
9136
29804
7533
21117
24070
19054
27297
25207
6035
28823
20983
10306
14095
4813
28557
12304
13874
10495
27754
3167
29905
3511
2751
16684
18251
25327
18284
28515
17443
14630
13510
21659
5358
11443
29336
29440
20080
27992
26472
30096
5122
25626
7931
9355
2614
27472
29211
32292
23742
19707
23447
18301
23434
31573
7820
10706
29489
14253
8675
12277
1170
7025
9499
14330
24507
14221
12872
11571
26122
15859
29020
7775
6033
27003
16550
1054
4031
6126
13976
19368
13629
19037
28877
31167
8471
32696
21579
31202
284
7580
8965
28100
31111
23403
2724
4348
18911
25506
4230
1278
14619
8039
32519
6474
3338
24674
14336
25571
4338
23758
4238
15875
28536
12752
6677
30989
25535
24583
31876
24515
1492
30308
17882
22457
13898
24380
21225
14089
27937
923
13657
8777
28653
14556
15089
1722
13107
11382
31250
1218
27415
16921
1924
24221
3892
6138
14710
16207
21964
9579
7103
28125
27169
10158
31082
16572
25122
20747
8050
25994
14154
28192
15562
20732
18118
30073
928
27416
7382
13664
28643
19364
3957
5110
22275
6878
27708
5507
9464
27245
15748
7435
27269
6808
27339
6946
8382
8118
14425
7936
17864
15333
27170
32216
14048
255
3567
1126
27550
11978
12473
26312
30331
16751
853
25230
28306
17454
12887
18196
9891
15439
30000
22544
21853
16476
6297
15975
4829
3981
2101
31557
20338
15748
7025
4460
10147
17978
10672
22732
14707
7738
10661
12372
24291
4877
24575
521
29113
4085
24908
19797
31872
6878
27415
11169
31952
7569
22612
806
6863
20267
13567
23551
31224
20941
13567
2947
1819
22678
4688
10707
26533
27086
5729
1455
28194
4452
21179
2702
14336
6043
19684
19693
22678
4096
8579
12519
13669
21663
25284
24326
30621
16758
13822
31577
14051
17450
29844
21190
16721
5113
21529
29346
9406
9712
22967
24191
23872
12638
7377
22597
19696
22664
7399
28293
24813
18846
11962
17673
1956
27630
17585
19376
23630
27992
5756
22393
11193
17410
27639
20957
13900
30797
3921
29282
21318
19207
10861
13933
22854
3042
5000
2903
28688
13348
19741
24260
12174
6561
15621
2352
12309
19942
24291
18123
28650
32184
30143
12935
12805
25789
241
30575
14868
10616
30785
11322
2499
13691
4940
3360
827
24023
8234
2028
5352
28632
11597
20051
21120
30191
2732
25220
8001
18672
26145
20992
19834
16765
1808
4780
22348
7618
27978
13860
5298
28516
22321
26451
4799
9651
29468
26177
28711
2087
16381
30251
25345
13578
24897
29145
19403
30834
27127
31276
31151
3954
25397
29431
1028
11153
4535
16911
23832
19067
16074
1190
557
13815
2152
11988
27841
16409
31909
18807
10515
4025
1098
16957
13794
4388
24767
511
4472
24336
16686
15697
6119
14294
13029
13143
5779
21211
28924
20186
14576
10831
22328
23962
12941
3355
31792
20966
19026
3348
13998
17003
11014
7541
4696
7242
7443
30092
30608
15213
3470
2995
2712
23834
1650
15490
1530
8392
31788
29251
5159
2866
5213
24742
27742
16299
18907
10423
14031
25521
4601
30988
31745
24772
26376
32323
9073
30841
23581
14252
17788
24266
7701
1090
21630
20144
1495
31712
24892
19700
8153
26801
32383
3393
19686
29929
2050
11647
24606
24754
20622
15196
24126
21609
31588
14379
16929
8971
1243
3826
27271
4330
15946
12478
5398
29349
16680
19258
2718
14422
7538
19840
24737
14605
18253
12079
29715
21118
2029
11710
350
12534
30133
29712
32169
21396
14240
24648
5466
8373
6111
23518
29657
7856
10692
31219
14487
9412
1758
20449
15696
6222
26470
15383
4493
2623
6617
3876
20332
18638
7655
19217
11683
14698
26252
27892
29379
3827
1917
29890
11706
12329
20933
8037
22428
25189
9136
1806
17059
3207
28648
7629
31348
9775
16350
13919
31139
10032
13675
3911
22650
2881
20408
5152
22774
15862
30555
18737
29715
751
5570
5442
19529
11856
15317
23982
10583
16752
7127
10426
24895
16342
23181
14885
21138
20577
31651
24064
21485
32454
27979
21952
15556
12608
30503
7058
27486
9858
4201
28654
27681
4081
24889
25967
9744
7184
29527
24290
12434
1339
22017
13213
13941
30873
14615
28178
2610
26956
17277
22691
20339
9194
10433
19640
24018
13873
16893
30735
16612
32502
11775
3156
31094
31327
15528
3314
25622
7762
10642
12072
26838
23341
27125
95
22604
5304
4556
18107
6621
10072
5171
20464
3900
19845
25364
8791
20781
31101
12802
17473
10639
30522
24677
3467
28313
27298
20184
14194
9060
32255
9167
7849
425
21678
17277
27561
20685
5659
32501
5449
11802
9453
16015
29070
10832
22141
11149
18628
24668
16013
7422
7885
26983
25399
19427
9914
21010
27939
4753
5272
29952
10237
15190
16780
24214
26406
8799
22051
7678
8874
11993
28387
10098
24691
26455
28454
11191
15804
9588
30248
2279
11464
11449
10846
14452
15059
10433
20233
24170
29257
22170
22540
24052
11574
23919
28666
5922
27645
6756
9332
12777
1102
25538
11442
6764
15442
1876
32351
4729
9768
2065
9386
31831
20373
24314
3482
17087
6647
17222
16801
552
20091
15805
14709
22344
17040
2914
17947
30423
8348
4948
16196
29334
10477
29686
27613
20368
32498
27470
22754
20895
22187
7851
4723
8243
5726
1419
29481
10319
16524
31675
32170
24532
14883
16064
29819
19970
16629
23158
9238
32060
9833
18679
4925
14859
8816
18878
3469
17254
21179
13325
15446
20529
14892
18571
16810
3587
21642
17970
2484
32044
4728
18024
17995
19959
20904
9324
18631
9004
9548
29684
11796
24025
717
19221
4357
22098
9920
25442
14058
9847
17942
22104
27236
26933
24466
30970
30840
4944
16769
6840
995
18783
6053
11157
8877
22296
5490
3465
31233
11213
4221
5412
19516
55
7985
32117
11588
2419
4035
21290
20763
23882
19305
6904
10420
27573
31175
14142
16645
12704
30890
20709
6237
2287
31737
18314
24056
14783
27113
27871
20433
12526
18287
3918
10935
32733
18683
6112
24739
2420
23395
16222
2377
103
14621
7862
16621
6840
24498
7839
27000
7806
31087
2688
459
11236
3934
19086
1875
26740
6005
2357
5597
28566
13068
18362
14764
11347
12693
9758
10185
95
11143
25157
20635
23639
18843
21080
183
11591
3131
24167
1017
17263
10039
15699
32468
5703
17851
30955
29158
2496
19070
32085
7120
6349
24635
14256
11588
2338
28261
2039
864
3131
17943
2600
23610
29089
6986
31398
14780
20073
7754
14812
26290
15869
18795
13092
21025
8223
14071
10983
13530
30762
4972
14341
13648
20891
32740
27767
32167
19921
30933
28979
30733
16145
5370
6479
9549
29901
12433
12394
16801
7462
22727
2120
11208
24495
2929
2492
16985
5492
7932
19659
11095
16955
26279
31758
14853
13065
26351
1880
26364
26088
11851
27033
3706
7912
9754
1538
26877
20068
28634
24682
29201
11398
8858
13553
12646
11789
31922
13027
6693
13902
23985
24287
29828
10873
7319
24632
1433
18974
3653
15771
26987
28912
20529
19698
21327
9672
11102
23177
10354
6893
9100
19311
10418
914
1708
16160
6578
25248
4246
29792
10285
14006
30462
30058
29578
10094
29092
20298
30641
6115
4812
22664
18718
17008
1006
19206
22323
16826
31406
13611
10451
10992
31246
1601
18220
7505
13283
14876
19156
27375
7814
26621
16152
16051
4811
14518
20369
25506
1591
2062
29688
4446
13677
13670
3642
25072
21226
26525
11983
21700
3570
18482
29512
757
1482
31144
13096
26828
32040
19759
28405
26755
25064
31616
13711
27214
32000
25865
29632
15772
24246
7498
25107
8089
23313
17791
1258
2808
10893
31359
29387
13553
786
23012
21755
23429
15655
25196
22094
18697
22884
13215
29757
12514
31269
28850
26169
18830
9606
19116
3903
18404
25483
30151
11693
8092
3230
3609
15700
11537
23615
12147
16334
11334
7159
17546
24337
8487
31373
20820
7749
5394
25469
15541
3283
19862
27302
23899
12223
24699
8259
19943
5431
18690
24860
19533
18028
25197
30462
10365
2976
27586
7528
1603
13952
30925
16007
30315
26293
29796
31844
11050
31926
6127
23133
19385
12000
31783
6866
11075
29896
10013
9504
26369
15568
15230
2003
12196
8184
11542
27415
16883
2039
7828
1904
21173
31627
19597
29867
29137
1293
10691
25877
10420
26440
4262
8426
22515
5259
11803
22032
6193
7165
2429
4101
8772
305
19937
27671
659
12794
14495
24019
7106
3713
20750
6079
15506
14228
19854
27724
19714
5953
18892
15110
22203
22436
12865
15886
27818
15357
2300
19402
13807
4101
26530
24795
8182
8579
25267
1615
31715
30746
12814
26648
2868
16229
17080
12221
16289
5958
5593
30544
12871
15994
4359
26784
5638
19313
9159
23727
10536
26461
26193
3943
27203
16266
5524
15240
5216
8429
4218
13029
9820
29183
14957
18128
31119
32460
26394
5331
11180
19270
13173
2977
24552
24544
28669
15435
7007
17496
65
19383
16563
7380
21411
6223
28406
7473
23388
26614
18378
18072
8640
12864
24774
9042
26307
23266
25628
29917
26045
28775
9337
2111
10346
17189
10285
9370
2869
26736
28556
18433
22198
32269
31380
9866
4729
16873
20944
8100
29953
21003
5755
7595
5388
10440
24041
5050
16409
10550
23587
3521
6696
20451
8658
1751
27329
23494
29022
31185
15159
885
28502
24595
10798
2713
12819
4774
6235
19359
29848
16779
4747
2481
28861
30031
7399
7909
9357
20192
17270
23220
1772
31135
5091
9389
28541
950
25729
14186
13762
4268
3212
1988
19333
6711
29106
11331
22135
13137
3793
22744
3352
397
22531
17103
23254
24748
8152
255
3961
25707
25058
15428
7614
11424
5751
17455
11586
16261
29618
23547
930
24148
16315
21443
2273
2068
6216
16883
27402
7858
21348
28925
9494
25171
23920
21837
27919
14057
14439
8062
19830
26628
102
16078
28131
24300
6507
26575
20203
32492
27228
29536
32070
7152
18764
10716
49
16211
31995
20113
1810
12018
30619
32628
6747
27269
11994
15634
21424
4911
13596
11978
24908
29011
30728
30522
22689
3242
18503
11511
7230
2706
3720
19329
22774
18089
20936
12406
24127
22939
29392
30981
21976
568
16639
21414
7855
9418
19529
6664
20225
21669
6272
18251
8643
7167
5586
7792
21313
30210
660
5390
12549
12064
6718
22086
24826
8103
13750
29176
9169
29845
16593
3127
5796
31405
10519
8443
14297
8138
10694
12310
13130
7796
6426
25962
14754
1969
6860
4440
26378
7965
23512
1404
32006
15677
15236
10647
29593
11281
1438
23756
9648
12776
8709
30480
7358
15992
23915
32476
16291
28206
12120
26404
26834
22467
8562
27021
10163
22544
15357
20699
12614
20515
7070
18344
17418
2450
5220
32604
797
13583
1544
17241
3236
14141
17780
19574
20333
14275
16259
26799
25555
9886
14600
19227
27618
11195
20497
6174
16060
13509
8813
479
25403
5436
15723
2300
7640
27847
15077
13693
5580
18379
12157
23559
21877
11836
20007
17234
10746
5299
25832
15837
9778
25537
5853
3041
19650
2436
30590
6531
9606
18807
27428
27981
16947
16014
28873
23263
30266
17283
14607
19938
17903
13674
11908
16702
20714
17548
21285
13965
15277
18290
5921
16847
23688
17472
3295
32095
12218
9285
7745
31270
22233
17871
10027
14
10100
24644
6463
12985
3318
28270
3307
28276
16845
4887
25510
29030
9164
11222
24438
9485
10190
1576
21430
7148
12445
27330
21270
6013
19730
29478
32483
10861
8573
23925
23433
19208
70
21124
20054
27123
30165
21041
10368
24857
19376
14840
25450
20199
18147
6593
29219
12732
9637
19196
19503
22427
8248
32240
5515
30244
28945
12624
2027
32450
10297
18448
326
805
19955
12662
23444
15859
6303
22388
29143
5050
14814
18229
30296
8234
1783
18422
32307
9089
122
21527
26133
25670
32035
10354
29765
22842
31744
24043
23521
12172
25046
16712
1387
332
9666
23876
16516
20514
12572
27358
17142
6208
30368
7159
6392
3989
1232
29724
27310
25923
6036
9121
15088
5460
27940
6383
844
9384
25127
15390
20814
22834
6429
2247
18686
16997
12538
31251
12459
9704
20243
32024
27111
9361
62
23910
31699
11153
13621
24540
4765
1516
24124
32705
6214
8749
27140
528
19113
24663
11214
21266
29369
31774
27859
25138
8458
26455
11492
28686
5011
10414
22094
714
10418
4759
26880
29865
880
26247
24816
20702
17671
14435
23482
29343
32673
9785
16778
6780
18019
14382
30013
28143
32426
31927
20419
5428
22164
13580
27336
27482
1219
9690
32403
29851
13661
24632
22318
3817
18519
5853
9415
4297
17652
21392
11094
19044
9864
8415
5504
7387
26242
31764
28347
7132
26537
9061
2228
28019
9894
5227
20462
23586
21443
20182
21419
20275
14834
12126
1295
7501
5905
30461
29059
27974
18796
21083
31832
6456
30340
30090
23468
18391
3855
8179
23698
12289
21567
7312
12909
14999
16967
4700
21917
30348
1052
14600
13662
4923
21624
17904
16620
21758
28709
9549
3052
14332
32120
21420
4615
13634
3356
27551
24024
24086
6160
15282
5896
16775
7923
30880
15287
20553
20096
24519
2334
12992
19797
24026
22387
17755
5880
3542
27917
12067
2075
9271
3273
18068
31
6763
17324
14507
15320
11911
14794
9792
19856
2873
2662
11158
22094
11261
26458
1585
25688
20884
3002
19687
6902
6835
16820
28218
1913
5368
32698
26853
18300
23073
24804
29365
25706
3456
31887
410
2112
19882
24907
27390
28564
28272
14068
3413
15575
3856
19486
14326
4311
24748
4790
17705
3207
12538
20455
6785
8195
3390
827
876
19151
4469
18691
6664
12639
14291
15352
12856
11229
15472
6690
31480
12838
26943
12537
18925
18710
24127
21707
17728
21765
10741
26461
24493
30097
17945
12757
23255
20126
19600
5591
17375
25244
30874
23023
7732
25097
18509
5423
12461
5174
21058
32281
10453
15693
9102
8383
2182
9619
14835
16424
4537
9707
28248
26358
9372
23964
25463
27462
17381
30035
19670
27096
13158
4972
8696
31856
25826
25965
4564
12155
10016
25299
19078
31478
19261
11538
26949
17036
13382
12503
9877
8446
1287
27792
4797
712
24605
46
30332
21506
28243
27177
11256
17796
7979
5573
1015
27981
22458
7829
2897
17958
953
27965
17574
21122
15578
4475
10828
26281
31832
32105
3211
24085
2770
1532
8205
16412
8793
19665
20624
6096
30408
30505
11230
804
6227
22066
30975
15696
25699
25736
20397
10358
30882
15611
17416
6789
23633
28307
31371
29022
21474
20945
14399
12853
4803
17208
17198
14394
16248
26380
10011
13945
32236
23130
12912
4351
29705
30008
16248
20799
31878
590
7630
14772
31744
3989
12310
15559
3149
15455
4586
23282
29197
10392
23063
11302
4225
26955
19722
6250
20385
9831
4997
966
10344
17860
18839
29023
19315
18273
31178
25059
5578
14064
22686
28967
18430
22164
21558
30479
13172
26345
19538
12207
20992
12357
1661
11951
31669
12605
12936
8692
12028
5739
4918
10108
7908
24431
7993
14986
31673
21812
11869
31748
10712
13685
1796
23065
23233
14207
24530
23334
15470
20024
10665
4059
13028
19296
13784
28826
20487
18455
3215
10783
32178
30367
1943
7526
3591
16740
1343
5833
9732
23353
18330
106
13911
9445
21479
5072
30324
3038
26193
20181
5604
18004
19929
12223
6112
4209
17552
31917
3358
20192
6153
6709
8171
14988
13838
13643
9850
31146
29074
17508
12156
18937
5095
9180
15600
8264
3633
20885
8509
24890
24347
3042
12926
5958
200
22435
18461
18945
29453
12721
13987
23200
13789
28540
15822
2488
18436
4850
7397
2633
32280
5539
16712
17915
17837
28451
17227
13991
10441
23216
9540
31001
9624
8213
2275
32021
11872
25550
20162
30359
26038
17005
21565
29791
27379
15165
17284
16301
19170
11812
10734
26954
26811
28878
18577
10183
29525
16135
21263
27401
14999
2665
4274
18694
31024
27960
5052
10185
26247
17546
31480
18620
9461
13739
29077
6438
24627
8895
24884
27635
12302
21161
2624
180
4962
20524
30334
31718
5957
17488
31205
13431
32387
20488
13743
31366
32075
10513
20912
15211
23847
32285
24551
9975
7473
26161
7763
14844
25221
24396
2823
21008
19698
8265
32385
11919
1013
16902
16440
735
4071
966
18804
32248
21365
11988
10850
27427
14673
23914
17768
20481
27175
10448
21686
11216
7891
712
28190
15338
25297
15914
31013
27022
23284
2764
19290
17635
25691
26788
24294
12602
8098
22065
22373
9876
15445
15894
18676
11364
6314
26633
30091
29078
2415
28907
29838
9679
24129
3640
30878
30711
30207
8354
10165
24053
30590
23033
14706
2489
638
31310
20401
12160
27869
26712
15711
339
24587
10519
12173
977
27326
31414
27842
8239
23271
5814
7830
6013
29668
24393
22908
15147
21751
31740
22240
3787
9207
10649
5490
14104
20549
16716
21441
23096
514
15108
6411
21822
2431
12060
16467
27379
25333
6971
14773
20438
8823
28281
30199
14177
23588
8387
12384
18062
23713
22912
2765
3994
17863
26996
12289
31497
25496
7141
28733
16874
19832
8957
3088
23900
10138
9072
8561
3921
6328
9055
28427
26770
18439
24699
25048
28676
30570
20845
8433
20265
3557
22134
2981
10217
9813
23890
24008
30611
30303
31843
28237
11039
8615
18699
15384
18614
19778
27994
15629
21108
1901
16617
9069
18028
22399
26885
3426
24556
2588
17424
21208
32259
3500
9253
25999
21313
29451
7419
30574
17086
26242
26892
23323
3677
13559
10742
21192
14930
12640
2081
16720
18914
3710
30114
29058
14698
199
6239
26556
22947
15524
8052
29117
28708
9436
2006
26804
16681
15696
5174
22940
26258
13802
31785
1996
6191
8656
5765
32202
18746
11997
782
8289
16165
29009
5970
30707
1431
6087
4817
9232
25521
7016
24161
11590
13973
16479
23249
10555
21801
31372
717
25850
24856
2685
25601
2443
10522
26266
13186
28358
118
17567
361
4200
12229
22352
20417
22887
25336
5224
4259
14723
14492
5842
20383
14622
22109
28955
2654
32589
9929
1064
31878
32303
9303
11812
25310
14718
21928
26045
31155
23395
24332
5520
14970
2959
19784
19425
7350
15495
32151
4752
24092
25407
18158
840
5621
19691
18564
27642
6085
1810
402
6026
26922
3556
5719
3784
20230
13517
26208
26017
13792
32074
22534
26775
31112
20476
32056
15982
20474
19451
30075
21032
23429
8300
12590
6452
10285
9302
31251
2531
6221
8369
25867
22043
1153
192
4385
15951
4802
23713
22474
4270
2259
4643
21099
10395
7645
24535
22812
606
3926
13930
24236
14105
32038
13361
19941
29949
20749
32518
19473
18365
13631
28755
1213
17731
24146
18284
25276
29347
11354
22050
23151
30029
26451
23445
10564
25734
6847
329
11901
20249
21647
11900
16691
18761
19271
9655
10138
5899
12126
8356
4998
18034
11235
24095
18478
20075
23143
22159
19760
1450
11798
2679
21206
1508
6695
8008
11160
20287
30583
15994
32482
16391
28016
27354
6423
13474
25136
16422
31957
25542
13799
20695
6523
19177
19841
5694
19176
16121
12422
9938
1670
30030
15934
9929
22920
6365
15896
9957
7279
16302
20300
26001
32723
21648
31680
9772
22112
18699
29225
4773
16415
9110
11122
23368
6902
15882
32609
2263
23667
18519
27768
13533
14533
25461
5913
7231
15115
26782
17390
16404
13010
12475
20872
2230
6872
28700
30022
7961
23830
31339
16249
28764
6142
739
10949
3998
18690
11453
15051
27155
85
32747
28164
343
501
5641
1776
8194
30697
5009
28785
15484
6599
16718
16753
32275
28026
23059
9163
6218
1346
24748
8809
28788
24316
4629
8874
16770
18596
18410
3334
12826
28184
24351
26868
4329
29727
30449
28683
11065
17577
7196
23656
29126
28761
13391
30289
24525
18752
15837
9495
22631
6892
14261
1857
28181
9121
17812
21990
18588
13030
25721
5979
7443
4419
17242
25871
27706
5450
5141
18610
31501
2516
26793
29853
14745
18829
28838
23406
3087
13235
10978
27378
10775
24090
24430
28233
2150
10356
30152
23364
147
5327
31570
3858
11046
2399
28163
15900
8179
24446
8029
6957
4262
25585
17311
31190
29086
11373
315
28689
9471
26201
5258
15140
23554
726
23487
27592
8848
25597
24346
7563
18704
28519
10590
15731
8317
10739
1156
9188
15547
16579
28337
1475
12587
9096
23398
220
31613
5120
5366
18305
4293
20157
21054
12148
16593
12583
21648
10248
25530
196
8688
23426
1466
14263
12163
32709
1341
31367
4164
6703
22331
6946
31737
15038
26052
19746
16998
29303
15581
28494
32448
2312
31114
3684
8036
13740
12076
1302
5577
24399
14093
23890
17075
10227
7738
22214
29354
18258
9617
13988
32427
30916
2074
17570
25885
100
31643
6470
28422
2926
8038
8544
13695
28652
19830
31448
7014
3986
442
3753
3922
25062
19377
3118
10700
27044
32311
10653
31676
6496
4511
19921
8481
27501
27649
1868
27653
12542
981
29820
15281
23691
4289
317
21533
19318
16048
7584
18858
21231
5924
20970
21779
5141
5325
21472
9121
23389
5466
322
30623
3896
7567
25494
11534
29168
9112
8486
30362
15059
21405
32588
26316
19092
662
23021
6528
32494
17249
13380
4506
27018
21009
18145
7925
28195
18826
12017
24732
3048
22347
8895
14141
22050
24970
20347
15322
24598
21382
17467
3778
8237
1049
3647
4800
3666
27276
27257
26770
412
5552
12364
16028
4397
6442
22933
18654
31834
25871
19432
29988
24076
15281
18204
12156
12133
14776
7433
19181
23975
9332
5776
25190
30546
29297
10716
17909
13453
16972
26088
18489
24263
13254
14145
26
23454
22295
27150
21175
24320
9861
3405
22944
2192
15924
7007
31046
28747
17984
3015
15280
26219
17161
12847
17263
27275
16334
3755
27347
7693
1918
29506
25439
13753
24522
8875
27003
11942
31359
19540
24681
19038
4371
2473
27258
5693
24189
16530
20866
538
27466
3901
21385
18986
24558
9503
10179
14368
20824
11573
20419
32665
15305
11664
2283
14776
8165
16
29223
17421
30219
18544
14811
1724
27618
2946
26649
26075
8244
19388
6424
25115
20736
20212
15329
11435
12234
29032
10572
12889
20534
10753
10027
25083
25813
9177
11205
12813
15935
4346
30086
10651
16482
6761
19188
28770
16921
4451
30437
10802
2817
17894
21743
8598
25480
9843
545
1463
27462
3347
1520
16254
10641
23960
1908
8697
3147
22821
25301
31232
18687
19184
13056
16664
21548
29255
9118
30615
25313
19921
8006
27145
10890
11287
11761
26067
21258
9538
6063
8470
20234
25126
8089
22998
3728
21632
27399
28764
16339
17532
26883
216
4686
22395
19965
16459
12307
29714
30656
8356
24930
10070
19876
41
3706
28503
28933
26649
5039
3818
20981
7824
7101
20140
31790
4010
29788
20291
12362
20971
4372
20711
7479
18911
12371
5154
19941
12541
22205
14291
8001
977
5315
14457
21095
7003
19063
29870
3859
30130
23966
23282
27225
29164
5639
9386
17815
834
5148
17000
6567
8048
5559
23917
601
27739
32055
4717
7712
28918
20178
18834
5643
19814
6189
20419
25079
15973
30249
5413
7428
28644
11520
13538
32325
25332
1682
10794
18876
27366
27385
22136
19845
1457
26467
15639
16209
5013
5921
6116
3606
12798
8955
10581
31749
15787
19143
28602
5309
16399
11578
7619
21438
19448
16893
31811
3872
3438
14851
6451
31365
4318
14875
26618
22092
1400
9153
14060
7943
32469
24634
7696
20783
31197
25056
19238
5399
10472
20410
20200
26399
19235
3919
20369
4138
4918
8380
17564
594
24867
261
8142
28122
21361
1705
1910
8803
29579
27769
1524
4195
355
32425
21112
32468
8794
7720
5900
18729
30564
3629
22485
14726
24167
16403
24469
21296
25317
4454
21877
8515
8667
12350
24578
23971
9449
6603
31093
1076
30898
26418
22839
9806
646
23703
5796
4715
22847
28283
26896
9251
9576
12617
10503
20571
19621
26411
30425
16825
27726
8226
10838
6491
26462
8278
28631
10184
2956
171
13950
12838
4535
15764
21438
6062
32135
10284
29
27486
8274
28035
4408
21997
17212
10293
5384
21508
15523
12354
12901
9387
29882
7449
29384
31746
7539
11766
22869
20017
8611
3182
27417
18081
3937
7497
3216
16237
430
21391
22634
19731
19804
14821
21390
12912
29992
9754
8800
20715
10538
19198
9023
26864
21871
7283
4690
16032
996
14790
6789
30406
5493
21055
30670
16397
5751
14326
3765
7281
12867
5353
7443
24308
2596
30284
26650
12690
29556
8736
2965
14198
24833
27399
20081
8046
31670
30295
8317
15005
11895
10349
9582
27504
10572
11076
28966
211
8130
17222
22838
20900
18062
26209
32673
11367
21620
18782
31459
28476
2663
22382
16177
23567
1778
18438
11523
32015
26838
18157
26832
11617
1269
25236
24600
6677
13166
13477
8104
20313
30730
30942
24346
9708
2519
1568
26011
9430
32274
24003
11249
11095
6730
17709
24508
30493
4547
7587
11259
23225
12825
28254
27347
14420
17189
21730
9356
5278
7716
20363
32733
22024
16406
5737
1897
1075
23397
30286
26761
7080
11463
25124
3916
18889
5989
11908
17340
9480
19517
11141
11363
13654
197
4306
23054
24798
30929
28672
16593
4340
26550
8478
16971
9032
27824
23949
11563
31584
11905
32018
22003
18501
23131
2345
11517
21116
2560
6812
30139
26167
21800
13653
834
11725
4643
5744
7690
4200
2495
10389
30447
26877
8812
4741
19324
10626
18078
5106
8041
15963
2675
9364
12130
17941
21654
2425
267
29014
3683
21661
13376
7956
8012
698
31137
2310
14203
11105
21070
5208
11704
30538
31983
6819
29838
20713
13304
16156
27305
833
8491
9228
2691
15101
10846
5248
15680
7613
31614
30273
21718
27566
29140
6150
29040
24413
19591
12265
22037
16333
18018
7704
28804
22727
31960
18381
6243
19825
18501
7808
18841
31010
26999
10075
24057
21109
12397
5870
2592
1180
94
21796
8608
13047
21758
32117
26206
6885
11516
12126
26424
2011
32207
17166
12779
19891
5298
13923
23604
15686
2285
26132
10294
18236
9047
26416
18460
16675
24345
5319
1279
191
26548
9702
19722
16801
14406
24521
27868
2299
16393
14413
30765
31667
12316
31908
9653
23222
22150
20556
8777
6543
10872
6210
8008
17208
28114
9843
8245
8496
2025
14707
19365
22733
32135
9329
17244
29396
10804
13163
18355
327
7860
8094
10813
22398
18641
10305
21417
2169
18523
9074
24810
8053
5484
7025
7062
18109
23536
19468
20876
20675
12389
5210
20442
22383
480
12460
1246
26039
27985
20673
3499
24432
22023
24121
12973
7012
26487
1868
6033
25508
25657
25020
8799
20512
26195
14856
24041
12148
29882
25315
23401
29189
4630
6372
22374
19277
10438
20095
9687
32115
30756
29748
10635
799
26378
4358
23240
2956
24469
16175
8499
31967
6184
24850
1263
28855
28084
8817
31497
24325
13111
6624
20756
27422
6787
7802
31760
1806
6721
9682
20113
24879
30005
15917
23069
20475
18116
30958
32725
12319
14515
22865
29783
26832
17969
7004
15076
2658
12312
26387
23486
15127
1648
17388
22996
26165
27445
24706
11169
24923
29273
653
15186
31764
17165
13074
12839
11693
24125
31447
4891
21828
11865
17178
26823
16418
17499
11906
2692
27211
26118
32342
15568
11602
20843
22509
12531
20850
22962
32358
10210
13531
16663
21657
15459
32074
29747
15180
6258
2012
2685
8107
6627
2852
12304
19954
10826
8059
23727
23661
19992
8599
31750
17058
12038
9056
27442
28877
9655
24318
28548
31628
1688
24631
2690
12252
13836
22520
20271
9028
18374
20017
7309
5200
11637
9702
24927
12097
14503
10116
19763
2819
29671
1393
4768
29279
5929
3814
7885
19826
7017
1281
27186
16222
12686
17942
18083
19519
8340
17223
20106
7009
20202
29780
22900
10672
31513
15796
6607
111
26535
31972
18417
17453
32315
12031
32349
12277
11777
25999
11074
20678
2384
32162
15173
5442
26251
19745
24960
1450
2117
14942
8395
14346
4264
29164
31290
21681
17431
11955
25831
16100
24338
18499
29425
13780
858
31593
18372
461
86
8448
17307
431
31414
18186
2116
11426
14166
24576
15139
23558
3429
31846
10362
29097
17350
17057
11240
11837
23990
6413
559
19465
6832
13899
26682
12766
11661
3032
11102
21069
28400
16100
3808
2839
3809
9057
10935
6373
2488
27994
10132
29497
25661
3206
31776
9381
29453
26141
3972
29499
12608
24810
25903
27972
27208
30626
13779
11829
15132
17780
6577
28638
11927
16609
10263
15333
31002
6350
12327
20851
6009
26583
28377
4909
21781
12775
26180
4454
32069
24581
14873
1170
15355
11889
13680
19454
29092
16624
24007
17599
32335
20836
14151
3305
18450
11423
7754
1793
169
29049
23067
12724
28257
17952
19708
10184
15413
30640
25966
23636
5430
14340
13484
26412
3888
28107
20089
30112
10378
19166
22043
13158
23918
7377
23720
16340
6186
3015
29824
850
214
15243
7707
30992
28727
733
29189
16628
2532
11530
11302
3543
16807
31168
31815
17392
20518
20255
16338
23440
23235
21011
2265
23568
21184
22754
5722
776
20391
27649
8642
27586
26857
18732
9647
19183
21189
7349
506
4760
17003
25885
8437
4695
23906
13537
497
26566
14375
18070
19716
21304
10263
5944
21513
17575
27790
31424
9447
13550
29521
24308
4375
7992
15401
12419
20064
11961
8145
5713
5349
29852
32274
30480
24162
14908
5933
32016
10931
17302
5241
3160
28054
5631
1101
24309
2481
5906
19744
15250
31959
6125
23535
31305
8583
8349
4576
19385
10677
4054
13604
30297
14029
25319
26913
32267
13046
14830
29137
27125
20372
27720
18021
7308
19728
16716
14127
29169
28635
8505
10942
6273
18096
21100
13899
22440
9754
5847
5460
14581
32055
15790
17542
18292
26555
32099
17376
22840
8503
10709
17430
5943
15772
6853
17203
14171
19195
22153
23683
7381
16526
21764
20400
21173
24316
28373
811
5303
26073
19663
1485
23136
17004
27561
21439
6218
7094
2039
25239
11197
24495
1625
14531
9342
13779
11251
5163
24812
31453
15133
25618
12360
10707
18523
6717
28501
22082
23439
5976
21281
7115
12653
13973
22050
9950
12592
15510
31620
15046
27275
11661
23746
22758
12259
20130
13684
27970
8379
22165
24936
9281
14448
4516
243
19889
13606
31919
14217
28939
27394
7066
14476
30456
22426
3827
5730
3093
2473
11476
1994
8435
12552
8459
6000
11107
27353
22649
29119
3312
7685
15288
17654
17068
31722
32001
26494
16944
31053
32076
14459
10206
21398
3256
28321
6761
30268
2606
18760
1944
21630
9793
22467
7750
2900
19801
19182
10670
24485
32017
1287
12773
27834
2269
23487
1448
5875
4592
16528
4440
5816
13917
17232
10051
12211
15228
8967
7461
26684
14223
24830
25327
21781
32421
2584
30406
19800
22207
10853
23119
6829
14130
7925
27946
31168
5964
14826
20668
32499
4154
27857
14642
13136
22057
27955
20418
32193
19628
1894
2612
11395
14942
5033
7074
13016
24520
16753
25212
28412
30085
11517
30670
3163
21923
29488
17350
22017
21581
14240
15217
3410
2983
20715
11205
6395
7930
3914
13796
8232
14609
20840
24735
26104
18915
23412
25401
31021
18290
9332
3438
3113
30194
3549
28852
2326
31534
14689
11969
13924
16680
28937
4429
32632
27647
21891
20249
13730
26390
18109
8752
23888
19827
15027
4973
23426
12645
30341
7997
6014
1898
24012
6054
25797
14415
19502
26505
18757
7833
11568
6948
29648
29476
17996
20954
30413
27914
26436
32055
6958
6342
29877
4399
24482
10906
239
2470
30731
20526
26372
26934
24882
17785
7199
5420
23737
12516
11031
13011
26962
2733
3652
27126
2863
5002
23442
12448
30906
7824
30419
1062
32645
12882
15962
13159
13700
17741
26053
7763
19066
6532
29466
3754
3505
31591
4630
3590
31726
26617
12737
23836
27044
24114
8262
28735
7528
24482
6402
5414
28325
25688
30939
9710
15505
17922
3283
28002
20831
26198
11996
8315
1463
5296
9455
4387
14435
30460
30296
32318
28235
31190
11092
9451
11939
3056
10973
30471
28515
10420
10949
6900
9719
30251
26114
6296
20536
31262
3401
22440
2460
10875
9694
21286
169
23801
19114
9768
24752
23039
910
21980
951
5827
9975
31945
183
23215
31154
15191
27144
21512
258
4498
20505
24529
15088
1579
23652
2285
12515
16063
6305
645
6256
27996
13882
8617
30323
14146
27136
6714
30815
30950
12316
775
30674
2877
3144
25910
23661
28214
6719
23270
20450
31881
625
274
30798
3247
9980
16568
11466
9009
7384
13115
22588
6694
17745
9735
32372
25079
7099
371
6004
16230
2913
5867
13582
10959
25022
6734
9909
13485
12528
19093
3981
4959
13929
3510
8900
15917
6632
967
31269
14726
6311
21863
15082
30859
28886
16730
31954
30674
8521
11635
10100
30051
20846
16055
14803
27143
30081
15551
12338
10179
771
17502
31786
16799
18792
3460
17145
8363
17168
18530
22045
27204
29304
21967
6690
7060
8114
24299
20408
32344
2578
4098
29448
23270
25131
31411
9544
2926
8185
25425
21645
21632
2400
32137
5601
9934
31957
23621
26006
11828
21596
6353
16858
20981
29874
30012
21387
2632
23755
32258
6476
12051
18815
28391
18648
9206
16768
24358
23190
1419
7567
30923
29550
15340
24815
16222
8412
5750
30234
10689
6978
21709
9140
4955
643
16672
19901
18551
18637
16303
22282
12774
16310
30602
14070
25580
31627
30875
5973
5210
228
742
3753
15351
28796
21264
19097
26404
9536
6174
16030
31168
30886
30336
11008
27210
8512
15438
4097
14405
24465
10961
24919
8673
27935
31045
3552
23767
25033
29917
12178
22165
859
25096
30641
16283
13152
755
11076
26149
28472
26447
17353
9226
5738
26964
2088
25572
27451
31750
12774
369
383
11959
29339
2361
4015
2509
28070
7025
22076
10437
31263
30240
4387
13688
16653
27264
10178
10397
3033
16807
3817
29584
22275
21606
4405
30546
32020
23154
29081
27856
3540
13505
7230
8808
9660
14135
22925
12969
22958
13698
14218
6234
2788
22339
7523
17342
14119
30574
15688
5399
6465
4851
22654
24681
11700
2718
2479
24192
28588
15419
2437
12084
25139
14079
8567
20716
14756
3875
16610
12641
14690
5330
26715
15269
6601
29253
24388
1891
2661
29997
26525
3432
9314
1873
25629
1378
24900
6776
9345
20712
27097
2953
19493
6075
20843
16625
1745
31052
4409
2117
32725
30590
22569
30504
20312
32428
695
21360
20973
12014
20273
18052
7783
19096
8742
24584
3567
28164
28444
11197
2643
29842
6529
24226
5793
12012
25060
24416
17909
20111
13157
11748
5263
10887
25962
28238
22312
16761
17812
6922
13446
7399
32242
8764
23887
31152
11124
29282
30235
22998
14498
14901
26572
25476
20621
24527
2594
12624
32262
29459
23690
30653
19215
8010
16695
9220
29839
24586
28276
22548
1610
32092
2617
26583
29455
4893
9212
15287
32051
10149
201
15457
831
5543
28053
11208
1254
19800
3024
3949
29754
12500
19513
4063
10015
4029
3062
29053
31999
1573
2020
2691
3263
17070
6700
23109
28402
30703
30231
9653
30797
32026
22051
15659
30811
25052
20566
20326
20594
31109
17618
28110
30438
8553
6826
9723
14972
18054
16116
21627
23074
28263
6687
5328
17629
18248
28551
29369
5634
890
23367
16563
8617
1033
25166
14270
9567
5789
18614
17508
28955
19102
8785
9464
7284
8603
20868
15644
7184
7917
26712
17029
19296
31383
8142
9987
16010
31601
22899
25531
28839
15494
24373
2487
8751
25018
21877
15266
31665
32688
4957
29900
18632
15082
21876
16757
24394
25138
32367
19527
1730
2105
23115
25892
29729
24703
6040
25890
11696
25458
27416
5076
27465
32218
4488
29132
18119
20340
9150
3165
20667
15581
28916
16038
23905
22706
21348
971
7634
26614
13077
16006
22906
1460
10996
6623
23501
10725
1062
26423
27190
6035
31645
7563
22096
30271
1513
24055
89
6785
1361
8569
24036
16878
9763
29688
22733
17982
21832
24709
6770
2991
1307
29408
5920
11940
13436
29246
28108
13458
27679
14665
28676
17436
9770
20329
26149
10365
21504
10050
25549
9255
30295
9854
16531
22185
31633
23244
2294
14806
22601
40
31636
31268
3628
15454
26269
11858
5386
13257
31110
12878
23084
23393
24322
10581
18921
11253
13102
27484
6004
6836
10763
25007
14072
31474
31282
5848
15847
11561
24515
32194
7567
16190
19359
13342
27630
25094
4823
17414
11975
22537
12900
10464
23797
16774
31512
7046
2560
27063
14804
27044
28654
31061
12284
23649
19291
12895
28712
29249
15820
6424
29468
28745
10817
11855
30971
3685
16393
7906
2743
17160
10202
3205
12236
29202
1825
21440
11310
758
19863
29495
23167
8732
277
30766
30342
12676
31657
5196
27613
11437
20457
16543
31977
949
18311
4577
22031
12737
12326
8698
24869
4767
27244
12997
27943
15274
28505
28183
32300
23534
16343
26366
22936
26509
29330
16454
8850
4706
21513
7234
6841
24035
19686
14793
23314
15948
650
25214
6469
6906
26093
3668
19722
11796
9381
24658
18910
1905
12356
24724
8442
14006
20455
6035
24453
24767
28684
28326
32009
17473
9380
31176
3620
29101
4458
3739
3968
14935
11378
19629
23812
6871
3845
31482
10572
9391
18604
24243
2391
11055
26763
28478
26752
14230
12528
2942
30896
2170
10540
5204
29393
8298
418
4198
15238
10193
32285
15647
16409
9757
23143
12535
8117
22049
23831
29428
29909
6584
3242
11120
21244
20652
15061
21022
19623
5846
23066
32072
5503
11654
20890
13914
5332
5157
17194
30628
31815
5144
30632
14172
14022
17384
26000
9186
17342
17824
1482
30024
21131
17527
27334
30738
12852
30127
19915
13626
26965
8381
1676
23416
2652
29354
8445
19904
6136
8377
1380
31499
3535
7754
26291
25434
24944
27134
27413
28152
3976
13852
17095
29952
2392
28724
8489
10784
5734
27650
19477
14492
32371
13716
13679
18582
4014
20143
21245
18316
21799
23408
10361
6690
4486
559
14309
6946
20989
680
19487
3009
11643
18525
20917
22820
1059
31798
12794
23330
21244
22891
25690
28748
28650
18851
10730
6954
16861
3166
10051
1224
18760
28048
20625
2161
3285
20366
23527
11451
15959
3118
11734
11716
11263
28970
29757
31930
20948
23494
25442
22689
8029
14259
18754
25680
17824
25906
27430
23997
8529
19069
24951
23163
5443
5218
26067
11649
26914
27185
18272
23085
100
6360
31073
14473
32125
31053
28679
11980
9554
5676
16265
9252
5873
21666
12663
4274
11135
9353
17483
20182
4721
31700
18753
4526
32256
8494
5224
9433
29654
2526
29433
22913
5646
20206
23528
17560
30811
32140
3770
12897
21895
18096
5270
29491
14624
20991
22430
25978
29038
14320
17536
24830
23975
26413
10823
26472
27750
31036
19576
15874
24154
14942
23386
21694
8507
26807
18069
7802
22275
28336
7678
16002
23898
7322
29874
12118
26962
9620
31330
18094
2900
25518
16109
15036
12123
10062
21556
3249
27999
5587
16938
31874
15893
23417
298
27116
26581
13436
28302
18102
14299
4481
28541
32310
23475
23345
13828
30230
28399
6439
23656
3160
4379
12
19131
13976
6131
11008
6830
9873
12755
1084
28070
6115
3182
8438
26898
11028
21443
5253
19707
29140
7501
32454
22748
4229
4986
22974
29365
6394
30047
19073
17499
639
16042
31058
17170
25370
3032
13579
21853
19985
3752
26048
2837
31660
9935
4767
7097
7740
29421
32538
7941
2140
28096
9033
13254
2167
27543
905
2284
7563
3082
11114
31969
26924
29673
20424
18201
715
25458
23607
24555
4152
31943
28581
6815
18278
20127
3130
9672
15727
30523
32387
26068
9943
29596
16336
24033
27925
28403
22490
6866
15695
9817
425
21666
29798
13504
6069
14841
3122
23337
2892
6653
28175
6424
27443
24683
20120
10565
15760
6118
30386
13973
12551
26255
7629
23880
26916
14549
14694
19572
27129
3727
26064
7090
26376
7752
19509
10519
31075
17113
10712
4966
273
26430
23708
9347
13748
25762
6346
16427
10857
1724
11279
10979
18672
10846
29124
15662
2061
10827
23666
22275
24877
3658
14486
10110
18765
12408
3233
7382
12568
19682
14915
4239
20559
12115
17641
1009
16494
29547
24965
184
10893
2801
13197
29197
3204
32362
23366
2485
22866
7147
14658
1417
30912
2091
2855
26918
27201
26076
17843
32741
3869
1852
20477
15118
24526
24039
1022
16456
4266
7407
6223
15444
27075
16686
22324
19963
22028
29659
18138
7493
28093
31580
9949
29420
32760
11867
26381
25616
24492
7452
31602
26156
30650
25870
12686
24393
27222
25248
27361
1650
16304
13653
24755
10343
26580
18971
21773
9366
5071
24537
21769
13894
10772
14919
28747
24086
23070
30466
2512
32678
4950
14560
9703
1940
25398
7552
22908
11690
32431
12582
16028
10069
31432
21702
4662
24153
30857
19039
24351
32708
18455
23435
23129
30496
18208
20051
21653
10733
32377
7239
25846
1871
17158
8143
12568
16387
24027
11196
30289
14999
32672
16674
14391
6107
826
22378
14434
23443
17320
27299
7027
3438
2346
17433
24404
26172
20905
12585
1730
23899
30803
7251
7689
10866
134
15505
32015
3938
2031
20199
27284
32378
9203
3644
1208
28907
11853
23912
4798
379
17657
22414
9231
8061
337
15020
8322
28160
10871
24688
11738
9031
26354
14670
3729
31865
12700
32207
24020
6554
5563
2604
19662
21946
30318
6171
17705
28524
25931
19177
5330
5498
19526
16841
1789
11223
28372
9324
3690
23765
1617
24017
25830
19096
32159
31071
17428
29899
4113
22065
7021
9873
20359
9393
26502
191
21978
25192
3729
29768
9594
18452
26151
16633
32085
24059
17989
19558
9211
10880
19860
25892
28160
12020
15085
17976
930
9902
28
28368
10668
15454
29156
8753
4507
10654
14660
9201
29950
29898
27129
1126
35
16658
25156
4446
20463
25805
22509
16144
1806
14864
13960
7507
15949
23936
13047
11534
21571
20324
14384
10736
24631
11007
4417
7265
19518
26652
29841
18360
23204
23274
21608
18606
6797
26122
6321
30738
4060
4839
9727
26047
4692
1094
21967
32716
10237
30494
17421
14850
24266
17833
5593
18835
27000
8379
7562
18696
953
29523
32755
22652
24978
9327
16102
3592
11778
11045
19703
19070
23780
10480
3714
18010
21526
32328
27632
27381
12251
3445
22837
19452
9854
8100
30365
21793
20281
8251
11977
16
20564
8810
30196
9893
14481
25858
3708
17756
1992
18571
30365
16905
10959
27537
25471
2761
28316
24894
28019
8504
11950
13870
20857
26084
17065
14206
27655
14338
28480
12326
20741
15712
24151
4233
9500
26267
25193
13387
7216
914
2344
14947
16683
31770
16740
9073
27389
244
6190
10833
737
18684
20797
2800
32737
11938
24209
11102
15260
16798
31573
23333
1095
8416
28170
7386
4082
12486
13794
11761
13580
402
10090
16597
3114
31259
15468
7481
24324
6851
6932
6824
2240
27816
6225
10596
11124
28959
14718
23917
24294
9566
31042
12256
15510
28280
21429
27266
27902
399
24004
29085
6680
7236
27606
24587
27425
8563
2992
10640
28061
28190
21909
14189
3995
31398
22706
13105
3898
7233
9914
29651
876
31400
17102
16638
25082
3600
30623
24748
9928
14684
22742
8950
91
21649
29620
24618
9624
15242
29429
7455
14542
13549
14843
18885
23543
17757
15144
19968
23099
17137
3468
22711
2742
15589
1472
9512
20603
2960
22033
10878
23513
7318
31201
27045
4317
20319
28747
19805
14103
30152
2566
20621
22177
19736
20108
24282
26206
821
15483
9081
12160
7192
26939
14913
2637
19326
17377
30469
22562
5856
32595
14112
24248
21414
26541
29009
26790
21912
9956
30666
20263
24981
15530
8323
20766
14471
11665
18388
23383
20118
11634
24899
9744
668
18704
2715
19384
27097
21241
21822
15606
1001
6061
14779
13805
27378
7426
27043
6335
21538
28871
29593
20815
29785
19112
28073
9804
7458
1361
6619
7019
9704
13015
14599
18675
30055
20563
32746
19583
16224
23760
25210
14079
19089
22375
10615
7169
21220
26792
1603
9775
23527
15164
6387
21784
1916
18377
7334
18483
17618
6166
11797
15136
27539
17776
24684
5938
5983
13900
5209
15915
22394
24365
17762
29254
1729
2760
16763
32635
24547
28006
32472
2558
8653
1931
1024
9737
22630
7125
5667
7387
7549
15398
8621
769
26111
12806
4379
980
12142
17986
1549
1603
8590
11225
10397
3794
30818
4633
240
739
19030
8710
3850
12596
32446
27387
5351
17322
2175
660
18119
32333
14604
23498
21961
28563
16277
6496
2235
30177
10363
24447
22321
15951
28934
26781
15060
8364
858
24995
11005
31938
11943
20814
30339
31962
28577
3797
28625
24963
7472
3021
7995
14992
19816
30026
28562
12640
1723
28744
2293
18530
4461
30025
19947
13271
32073
3903
11951
12250
12179
427
18123
30622
3389
6663
30952
16888
5469
12386
31973
26397
32735
6986
5158
5036
13431
6894
22575
11503
11738
32644
22385
19038
7470
3817
29795
26724
25023
28039
15061
14438
10483
3708
8066
12802
19072
28409
24036
18836
13532
8423
26700
28671
32246
26833
7729
16298
27683
29438
15560
31432
2907
25565
15830
16093
8869
18343
6339
4477
7632
9535
6639
10839
16228
14429
17481
7795
11992
5867
28957
20664
14085
17839
8749
19377
18651
43
14852
26769
5715
14273
3719
26484
22948
3611
2509
23783
7354
20170
19760
6315
5348
11309
2724
27062
26317
17301
2120
25467
26285
11430
571
2155
10432
6145
24241
32188
30200
16672
26694
11369
30959
14208
658
29562
14111
17158
3325
20357
10837
26524
26580
7029
3683
19483
20381
20106
14101
2157
680
23457
615
7923
25831
5558
15093
9508
5631
15783
32435
24439
11679
7482
32222
21635
4625
21346
9779
7013
7439
13758
3678
26979
727
27491
13749
8911
12162
9435
27686
29485
3729
5485
30318
12440
28873
4511
17036
3681
1089
30458
16502
25338
4793
16653
13066
1298
31277
28597
3399
1026
5034
8859
12221
16232
31841
3581
6722
8721
29946
11442
26087
1053
19242
21352
6955
30813
392
2353
14446
2304
10652
18750
31912
10095
9273
4585
19034
21365
15373
25849
14021
15779
20087
7458
6491
26867
30360
15564
12147
4011
28333
6678
10304
20356
7068
3097
11524
24844
30412
32113
14721
24137
19002
2042
22704
23711
29386
32215
6582
24051
7387
953
20756
23825
12061
8285
31262
31051
22439
25943
19630
1379
28484
5391
23321
32172
9998
27145
19554
10603
13375
25449
1710
27523
28227
15030
24056
1618
4882
26334
6918
22230
9660
20602
28316
19220
6981
6996
9455
6074
18868
10534
11612
28931
19815
14757
19034
19163
22697
19390
32174
25668
8583
9248
1246
8696
25055
7418
31207
31823
7609
8966
27698
1124
9178
966
1477
17523
31895
28942
4279
32646
15080
24002
28902
5201
25533
6113
26092
1882
24469
17346
10574
30813
10828
7326
15607
1774
13620
7759
32229
27232
12136
31831
20259
16614
10333
2596
28919
23032
16570
30867
22620
32760
23914
3250
6834
1302
4335
13258
16821
6001
12025
6301
7084
8318
15927
7660
23522
13230
15469
25148
8026
20555
26823
12506
10687
31395
2157
1053
28314
28777
22871
31979
15048
31832
10083
29566
4650
11545
14244
1384
5534
29543
32253
17621
1326
27505
20719
27921
12936
21888
4016
16458
30638
473
28285
29334
1519
13285
23856
17976
8470
16527
15381
15647
6881
27630
21242
943
8885
18980
16005
30916
15759
10118
18379
30452
31294
15357
23069
17173
13776
11691
2853
17407
1098
9938
26931
26515
4508
754
977
22781
3795
22322
25245
27701
32657
23041
24152
25292
31674
28157
4154
28133
14705
21524
19336
4482
29507
18665
21865
19713
32417
4473
20214
11494
9876
15102
1424
10714
7852
4628
7542
30964
8762
5402
19094
12600
5054
26075
2980
27229
12451
32365
7018
14548
11562
11610
3167
11013
19621
7422
17018
11228
18917
27184
16200
28292
9205
3621
29757
18290
8969
8080
3912
5798
10673
12046
30121
10029
9810
17090
24839
10219
14551
13628
21181
8599
24740
31648
20854
3591
18123
5892
9465
29870
30851
13593
1094
12387
9686
17422
27105
16995
14489
32177
622
22170
22433
11736
27006
23838
10804
14335
10409
23805
28606
8242
11485
25656
16325
6958
9717
14607
1567
27075
1165
12415
3939
892
2581
19978
14749
21634
7973
4278
7494
4798
25616
4440
17011
28222
12220
22034
13900
8410
28849
32539
5312
8471
9327
12478
23159
31819
22789
24230
4872
7170
27871
23640
14189
31393
224
22273
20660
2889
20657
7282
13046
22782
25944
